Sample	chr1	chr2	chr3	chr4	chr5	chr6	chr7	chr8	chr9	chr10	chr11	chr12	chr13	chr14	chr15	chr17	chr18	chr19	chr20	chr21	chr22	chr23	chr24	chr26	chr27	chr28	chr1A	chrZ	scaffold00169	scaffold00189	scaffold00221	scaffold00223	scaffold00224	scaffold00238	scaffold00239	scaffold00242	scaffold00248
Crotone498	8.68836	8.842199999999998	8.8832	8.832559999999999	8.73235	8.659510000000001	8.97015	8.50745	8.520199999999999	8.656210000000002	8.68671	8.6434	8.28692	8.157350000000001	8.05388	8.18691	7.643379999999999	7.787050000000001	8.01567	7.104130000000001	6.20992	6.295610000000001	6.827520000000001	6.40408	6.7327900000000005	6.855650000000001	8.85664	8.16839	6.60402	8.55935	6.52656	11.359980000000004	4.41594	8.90981	6.99886	10.00742	6.8913199999999994
Crotone500	6.771860000000001	6.87127	7.043089999999999	6.897419999999999	7.099600000000002	7.28603	7.436019999999999	7.272659999999998	7.400010000000002	7.467880000000001	7.3950499999999995	7.66817	7.346579999999999	7.19768	7.413689999999999	7.718299999999999	6.98434	7.231440000000001	7.40868	6.71545	5.92005	5.991	6.62617	6.147850000000001	6.227569999999999	6.4407000000000005	7.03847	6.3070200000000005	6.353629999999999	5.9475299999999995	6.156619999999999	10.154470000000003	4.0847	8.609429999999998	6.608350000000001	8.079709999999999	6.60121
Crotone501	7.845420000000001	7.9886	8.072659999999999	7.99878	8.0226	8.063260000000001	8.299539999999999	8.01005	8.0425	8.166059999999998	8.19809	8.212579999999999	7.945779999999999	7.82512	7.861459999999999	8.14169	7.513439999999999	7.633839999999999	7.886659999999999	7.021540000000002	6.300809999999999	6.36815	6.83679	6.572329999999999	6.78866	6.98688	8.05789	7.378640000000001	6.609509999999999	7.4358900000000006	6.54874	10.841810000000002	4.63922	9.110769999999999	6.80289	9.28339	6.768059999999999
Crotone502	7.481859999999999	7.590490000000003	7.700430000000001	7.59882	7.69936	7.77525	7.966179999999998	7.744150000000001	7.790430000000001	7.910630000000001	7.89123	8.02246	7.760259999999999	7.64274	7.76735	8.162600000000001	7.395520000000001	7.558630000000001	7.75957	6.9522900000000005	6.28352	6.38969	6.85483	6.613239999999999	6.851799999999999	7.014569999999999	7.674440000000001	7.010529999999999	6.602539999999999	6.94904	6.571189999999999	10.585410000000003	4.36534	9.11794	6.933709999999999	8.937359999999998	6.63202
Crotone505	6.7911600000000005	6.89218	6.98285	6.884329999999999	6.985130000000001	7.0267	7.183389999999999	6.98002	7.02674	7.134359999999999	7.08727	7.157920000000001	6.94786	6.88649	6.964049999999999	7.225520000000001	6.569350000000001	6.745839999999999	6.9041500000000005	6.2101	5.56872	5.662000000000001	6.06644	5.80648	6.033399999999999	6.197830000000001	6.96807	6.380910000000001	5.94182	6.35883	5.83938	9.6445	3.87655	7.8917	6.19148	7.830570000000002	5.81779
Crotone510	6.2394799999999995	6.281719999999999	6.46856	6.34866	6.64455	6.8408299999999995	6.91658	6.980300000000001	7.061249999999999	7.149550000000001	7.10679	7.40973	7.264610000000001	7.190809999999999	7.412369999999999	8.04858	7.13302	7.3686799999999995	7.495710000000001	6.77367	6.39518	6.519259999999999	6.9019900000000005	6.84818	7.053599999999999	7.223190000000001	6.4743900000000005	5.8236300000000005	6.58212	5.45085	6.6597800000000005	10.827810000000001	4.589340000000001	8.77334	6.8878	7.9040099999999995	6.22426
Crotone512	7.334199999999999	7.431290000000001	7.591570000000001	7.466480000000001	7.6284600000000005	7.782920000000001	7.96575	7.759630000000001	7.855029999999999	7.947379999999999	7.900790000000001	8.09862	7.8022300000000016	7.678799999999999	7.83306	8.196340000000001	7.44262	7.6508600000000015	7.874129999999999	7.078039999999998	6.28283	6.388920000000001	6.95844	6.52018	6.731469999999999	6.94046	7.57499	6.88696	6.68075	6.6461500000000004	6.50009	11.09075	4.42926	9.25286	7.00558	9.086770000000001	6.903489999999999
Crotone514	7.860239999999999	7.98011	8.090160000000001	7.99545	8.02669	8.115639999999999	8.326920000000001	8.01292	8.08113	8.18802	8.16698	8.244349999999999	7.91718	7.783329999999999	7.86354	8.03995	7.431049999999999	7.57235	7.847580000000001	7.007490000000001	6.17942	6.23377	6.781129999999999	6.393230000000001	6.661149999999999	6.773929999999999	8.07769	7.3561700000000005	6.5317	7.327639999999999	6.41043	10.67432	4.51419	8.963719999999999	6.790690000000001	9.39027	6.874809999999999
Crotone517	8.31223	8.448220000000001	8.480050000000002	8.438699999999999	8.31984	8.23446	8.529169999999999	8.096729999999999	8.07931	8.222949999999999	8.25121	8.16523	7.875499999999999	7.747350000000001	7.698430000000002	7.8758300000000006	7.262360000000001	7.41053	7.671239999999999	6.7708699999999995	5.92247	5.9732	6.509119999999999	6.15042	6.45705	6.58177	8.42655	7.8136800000000015	6.267079999999999	8.220970000000001	6.140179999999999	10.72572	4.0778	8.69454	6.6431700000000005	9.603390000000001	6.556720000000001
Crotone518	8.505830000000001	8.657010000000001	8.776969999999999	8.66867	8.74156	8.841619999999999	9.07047	8.7613	8.86107	8.952060000000001	8.94378	9.034600000000001	8.69724	8.56271	8.64551	8.91031	8.174459999999998	8.364149999999999	8.652239999999999	7.64465	6.7900599999999995	6.865079999999999	7.477360000000001	7.00933	7.266300000000001	7.480700000000001	8.77365	7.933480000000001	7.1903700000000015	7.939489999999999	7.08666	12.212650000000002	4.8924	9.72569	7.416930000000001	9.87066	7.56067
FR041	14.996279999999999	15.215069999999997	15.263079999999999	15.200310000000002	15.047820000000002	14.965219999999999	15.431750000000001	14.683279999999998	14.70232	14.689390000000001	14.894169999999999	14.94727	14.370700000000001	14.1381	14.047000000000002	14.26868	13.355349999999998	13.58656	14.03968	12.56469	11.121680000000001	11.121160000000001	12.088559999999998	11.52211	12.00473	12.197750000000001	15.2153	7.200679999999998	11.936309999999999	7.35332	11.3511	19.60168000000001	8.19225	16.3587	12.09042	15.685039999999997	11.829170000000001
FR044	20.9135	21.233179999999997	21.317510000000002	21.22677	21.051129999999997	20.924039999999998	21.594140000000003	20.640629999999998	20.64373	20.629869999999997	20.99934	21.002790000000005	20.268270000000005	19.91674	19.72776	20.189280000000007	18.92865	19.17194	19.889909999999997	17.721790000000002	15.860419999999998	15.8799	17.15495	16.36181	16.9124	17.23841	21.2584	10.07911	16.63516	10.3351	16.340349999999997	26.66739	11.281620000000002	22.233670000000004	17.33305	21.41949	16.778409999999997
FR046	18.266370000000002	18.44128	18.625660000000003	18.50151	18.641310000000004	18.72165	19.196590000000004	18.715870000000002	18.80083	19.09661	19.066409999999998	19.305820000000004	18.868470000000002	18.56978	18.75658	19.63172	18.08138	18.45495	18.75217	17.19505	16.11232	16.0011	17.03259	16.787779999999998	17.07392	17.433649999999997	18.63313	17.332700000000003	16.69865	17.30573	16.27104	27.99233999999999	11.974099999999998	21.70977	16.975710000000003	19.044369999999997	16.559730000000002
FR048	20.44388	20.746570000000002	20.87558	20.772370000000002	20.63027	20.51294	21.1201	20.210940000000004	20.261239999999997	20.237180000000002	20.50664	20.50882	19.842030000000005	19.51957	19.42018	19.671960000000002	18.499029999999998	18.791949999999996	19.31784	17.39057	15.346	15.391270000000002	16.72436	15.913469999999997	16.529040000000002	16.8166	20.832480000000004	9.85087	16.252190000000002	9.84687	15.723119999999998	25.23391	11.073000000000002	21.699479999999994	16.660369999999997	20.804930000000006	16.627519999999997
FR049	16.1917	16.24831	16.49052	16.378890000000002	16.697180000000003	16.95487	17.24636	17.106509999999997	17.209860000000003	17.44933	17.707479999999997	17.890639999999998	17.59708	17.30968	17.782330000000005	19.098750000000006	17.31663	17.681949999999997	17.76034	16.77107	16.50058	16.11489	16.992659999999997	17.216559999999998	17.03355	17.50507	16.52227	15.417280000000002	16.76313	14.759989999999998	16.404770000000003	28.357060000000004	13.594139999999998	21.83631	16.940310000000004	17.913530000000005	16.462589999999995
FR050	17.32004	17.560190000000002	17.664780000000004	17.579279999999997	17.4477	17.34277	17.87706	17.0991	17.1256	17.110120000000002	17.397689999999997	17.367399999999996	16.79875	16.503989999999998	16.461289999999998	16.82602	15.72196	15.955100000000002	16.408520000000003	14.81205	13.24363	13.26968	14.280809999999999	13.72169	14.292540000000002	14.5768	17.62492	8.36897	14.063939999999999	8.44344	13.53634	23.257020000000008	9.346050000000002	19.077260000000006	14.355739999999999	17.81813	14.06664
FR051	12.865849999999998	13.034030000000001	13.134619999999998	13.073379999999998	13.064879999999999	13.02615	13.453309999999997	12.92838	12.96425	13.236539999999998	13.19549	13.287090000000001	12.85561	12.674480000000003	12.71961	13.15381	12.191949999999999	12.452969999999999	12.722370000000002	11.470969999999998	10.640430000000004	10.52053	11.220070000000002	10.980540000000001	11.27614	11.532390000000001	13.114799999999999	12.165460000000001	10.949279999999998	12.30798	10.670710000000001	18.008690000000005	7.589640000000001	14.808839999999998	11.308569999999998	13.65485	10.820669999999998
FR061	14.48679	14.727280000000004	14.771569999999999	14.697000000000003	14.53718	14.399289999999999	14.85703	14.150260000000001	14.16951	14.158560000000001	14.327670000000001	14.34954	13.799370000000001	13.537230000000001	13.39912	13.627149999999999	12.76622	12.979380000000003	13.48671	11.91862	10.43483	10.49595	11.4096	10.807459999999999	11.303650000000001	11.460049999999997	14.73563	6.9622	11.13265	7.0491600000000005	10.703899999999999	18.617050000000003	7.23283	15.43534	11.47815	15.027699999999996	11.09824
FR063	19.21777	18.793790000000005	18.88589	18.79802	18.713289999999997	18.58453	19.142619999999997	18.306129999999996	18.37202	18.669860000000003	18.64374	18.691340000000004	17.99557	17.70323	17.59382	17.91685	16.854519999999997	17.10898	17.59058	15.81665	14.033620000000003	14.072159999999997	15.211600000000004	14.567400000000001	15.275840000000002	15.418690000000002	18.86496	17.334229999999998	14.835499999999998	17.860619999999997	14.43666	22.283850000000005	10.11581	19.13986	15.19343	18.705870000000004	14.96267
FR064	16.141530000000003	16.37214	16.4319	16.36958	16.19553	16.07691	16.59773	15.80085	15.82629	16.082099999999997	16.09578	16.02434	15.470799999999997	15.216129999999996	15.120260000000002	15.375840000000004	14.43298	14.63764	15.124400000000001	13.46755	12.014710000000001	11.99668	12.944560000000003	12.43265	12.88312	13.12647	16.39349	15.125549999999997	12.60588	15.71295	12.19088	20.015980000000003	8.79583	16.8069	13.128259999999997	16.609270000000002	12.78392
Guglionesi_336	10.02429	10.187359999999998	10.192630000000001	10.165070000000002	9.92675	9.773769999999999	10.149849999999999	9.57453	9.55603	9.701190000000002	9.805699999999998	9.60453	9.23881	9.078580000000002	8.90709	8.97222	8.46331	8.548279999999998	8.877109999999998	7.79533	6.7713	6.837650000000001	7.4374600000000015	6.95855	7.31434	7.418939999999999	10.15619	9.378570000000002	7.28979	10.071779999999999	7.069660000000001	12.135430000000003	4.65706	9.78341	7.54027	11.141260000000003	7.513819999999999
Guglionesi_426	11.610190000000001	11.814430000000003	11.796970000000002	11.77451	11.482700000000001	11.289719999999999	11.705390000000001	11.012230000000002	10.973329999999999	11.152430000000003	11.22985	11.023560000000002	10.566619999999999	10.399830000000001	10.200709999999999	10.15789	9.655359999999998	9.761470000000001	10.114780000000003	8.87334	7.70204	7.754580000000001	8.405650000000001	7.8634900000000005	8.1904	8.427410000000002	11.732389999999999	10.86639	8.2648	11.692070000000001	8.12534	14.20894	5.5853399999999995	10.8805	8.6613	12.6539	8.59658
Guglionesi_427	9.45804	9.61482	9.616810000000001	9.59063	9.37791	9.21528	9.571330000000001	9.0623	9.010610000000002	9.17569	9.21796	9.05727	8.74048	8.62037	8.43328	8.57164	8.0342	8.07537	8.40438	7.351380000000001	6.44749	6.5552	7.023389999999999	6.671519999999999	6.97237	7.186970000000002	9.565159999999999	8.9016	6.919649999999999	9.52012	6.76919	11.134720000000002	4.45178	9.097699999999998	7.17567	10.560229999999999	7.087879999999998
Guglionesi_428	9.85277	10.01556	10.01417	9.98922	9.775890000000002	9.620970000000002	9.95856	9.46869	9.424639999999998	9.582140000000003	9.70827	9.487350000000001	9.16555	9.016369999999998	8.835640000000001	8.971350000000001	8.42792	8.53634	8.85884	7.79599	6.84575	6.8733699999999995	7.43178	7.016120000000001	7.362120000000001	7.58315	9.9579	9.22494	7.209330000000001	9.882150000000001	7.164290000000001	12.258379999999999	4.7260599999999995	9.604019999999998	7.608779999999999	11.239849999999997	7.51923
Guglionesi_429	10.37929	10.53434	10.561409999999999	10.5294	10.36466	10.239370000000001	10.60163	10.08047	10.080630000000001	10.242939999999999	10.2812	10.17362	9.85527	9.67982	9.549850000000001	9.778669999999998	9.09294	9.210440000000002	9.554679999999998	8.45266	7.48188	7.558829999999999	8.15635	7.758749999999999	8.09507	8.37398	10.53	9.748960000000002	7.925369999999999	10.237519999999998	7.8295200000000005	13.605519999999999	5.181680000000001	10.67484	8.24977	11.93561	8.10745
Guglionesi_431	11.127120000000001	11.289690000000002	11.32136	11.269340000000001	11.10343	10.99213	11.36262	10.82236	10.796130000000002	10.97403	11.051359999999999	10.936489999999997	10.55355	10.390179999999999	10.25731	10.42388	9.77587	9.89482	10.270140000000001	9.05454	7.968579999999999	8.09097	8.78131	8.28432	8.56306	8.84564	11.27106	10.444690000000001	8.54456	10.989329999999999	8.330390000000001	14.837960000000004	5.6994	11.363449999999998	8.9023	12.704379999999999	8.84284
Guglionesi_432	9.29196	9.42058	9.45031	9.42606	9.28421	9.18103	9.488330000000001	9.060460000000003	9.0635	9.19698	9.23309	9.19265	8.873780000000002	8.73733	8.65643	8.93104	8.27648	8.35834	8.68446	7.6833100000000005	6.867850000000001	6.907639999999999	7.434090000000001	7.1023700000000005	7.34925	7.63185	9.42276	8.744140000000002	7.13547	9.10769	7.208729999999999	13.067689999999999	4.97569	9.65638	7.472619999999999	10.69553	7.43276
Guglionesi_433	10.586730000000001	10.740879999999999	10.75921	10.72786	10.55847	10.450660000000001	10.80596	10.315249999999999	10.295460000000002	10.47823	10.614099999999999	10.44081	10.10787	9.9224	9.82262	10.08681	9.37166	9.48392	9.81711	8.729149999999999	7.72256	7.796800000000001	8.38871	8.014800000000001	8.402259999999998	8.65094	10.735750000000001	9.93341	8.073780000000001	10.42679	8.05778	13.823409999999997	5.2903199999999995	10.915040000000001	8.50051	11.853769999999999	8.343969999999999
Guglionesi_434	11.045499999999999	11.237229999999998	11.244800000000001	11.217400000000001	10.98989	10.82199	11.21294	10.63817	10.584869999999999	10.78156	10.846000000000002	10.708130000000002	10.2973	10.100270000000002	9.96904	10.21838	9.51106	9.580060000000001	10.05879	8.78205	7.696380000000001	7.818709999999999	8.369720000000001	7.988520000000001	8.551269999999999	8.65225	11.186830000000002	10.337480000000001	8.09337	10.99954	7.99874	13.57377	5.30865	11.053540000000002	8.614170000000001	12.59199	8.372459999999998
Guglionesi_435	10.817120000000001	10.98872	10.99191	10.96229	10.748460000000001	10.6019	10.98234	10.430309999999997	10.38502	10.558469999999998	10.640460000000001	10.47699	10.11291	9.92853	9.77735	9.92539	9.32155	9.43486	9.757589999999999	8.667019999999999	7.59032	7.6526	8.28309	7.843540000000001	8.225069999999999	8.35947	10.94937	10.136510000000003	8.067739999999999	10.82001	7.97315	13.869559999999998	5.20339	10.56617	8.49163	11.894209999999998	8.35884
KAZ14001	14.538289999999998	14.773200000000001	14.912079999999998	14.78225	14.76116	14.78061	15.196250000000003	14.66303	14.716399999999998	14.90996	14.933720000000001	14.98674	14.61825	14.316480000000002	14.398710000000003	14.713769999999998	13.664250000000001	13.91768	14.50827	12.7513	11.464670000000002	11.6426	12.456249999999999	11.882120000000002	12.37077	12.631509999999999	14.840869999999999	13.585540000000002	11.95218	13.97464	11.99262	19.96241	7.903639999999999	15.863549999999996	12.588650000000001	16.56458	12.22566
KAZ14003	7.15704	7.20594	7.44111	7.275119999999999	7.708349999999999	7.957319999999999	8.029369999999998	8.17783	8.29645	8.39343	8.30038	8.69981	8.640439999999998	8.47972	8.90478	9.607209999999998	8.515600000000001	8.81139	9.008830000000001	8.18934	7.8095	7.95759	8.38012	8.302999999999999	8.4999	8.59648	7.4489	6.72144	8.03927	6.1793700000000005	7.990729999999999	13.089120000000008	5.39683	10.79269	8.20878	9.30522	7.702210000000001
KAZ14032	9.18379	9.295849999999998	9.453130000000002	9.335569999999999	9.488300000000002	9.63684	9.833919999999999	9.67652	9.762120000000001	9.861049999999999	9.83903	10.052660000000001	9.860999999999999	9.629280000000001	9.88342	10.305459999999998	9.404440000000001	9.68271	9.95711	8.93948	8.15931	8.27242	8.88064	8.51888	8.74538	9.02429	9.44119	8.551060000000001	8.40981	8.45978	8.433489999999999	13.691120000000002	6.0042800000000005	11.33459	8.86163	10.999770000000002	8.640279999999999
KAZ14035	11.633890000000001	11.241179999999998	11.37823	11.265920000000001	11.35263	11.35902	11.697049999999997	11.33508	11.40873	11.534040000000001	11.55582	11.71119	11.376640000000002	11.123940000000001	11.31579	11.631060000000002	10.70177	11.020940000000001	11.34383	10.0668	9.07635	9.17699	9.861459999999997	9.43567	9.81148	10.07934	11.36391	10.34189	9.5266	10.54308	9.6011	15.709230000000002	6.55712	12.464399999999998	9.83767	13.265949999999998	9.70379
KAZ14053	9.82752	10.02107	10.077609999999998	9.99381	9.897180000000002	9.83504	10.133149999999999	9.663409999999999	9.68403	9.832489999999998	9.85204	9.78706	9.50783	9.275630000000001	9.252690000000001	9.30306	8.736799999999999	8.93385	9.27948	8.1346	7.119199999999999	7.169090000000001	7.774329999999999	7.35337	7.57122	7.931430000000001	10.01196	9.190130000000002	7.58699	9.501689999999998	7.528980000000001	13.115829999999999	5.07686	10.306290000000002	7.96217	11.433890000000002	7.994399999999999
KAZ14054	10.28208	10.40909	10.54306	10.42215	10.460119999999998	10.526599999999998	10.794419999999999	10.449079999999999	10.50609	10.64398	10.624079999999998	10.73823	10.45967	10.19176	10.372460000000002	10.52361	9.74328	9.97206	10.30879	9.1311	8.05828	8.20342	8.878599999999999	8.37512	8.65118	9.00271	10.52408	9.530540000000002	8.536800000000001	9.625990000000002	8.50106	14.292329999999996	5.55996	11.550839999999999	9.00778	11.895559999999994	8.90885
KAZ14055	10.516300000000001	10.692530000000001	10.73567	10.689320000000002	10.54517	10.46634	10.792910000000001	10.258790000000001	10.261019999999998	10.424050000000001	10.552280000000001	10.394490000000001	10.09356	9.845569999999999	9.795430000000001	9.869169999999997	9.27477	9.442250000000001	9.80729	8.62515	7.6012	7.68962	8.27408	7.78464	8.15875	8.37443	10.68611	9.82604	8.10127	10.34327	8.023570000000001	14.0611	5.06319	10.769829999999999	8.42872	12.04208	8.36914
KAZ14057	9.66126	9.1887	9.303329999999999	9.212819999999999	9.24603	9.25465	9.50394	9.17508	9.23252	9.33564	9.35051	9.4617	9.14966	8.94762	9.056799999999999	9.17122	8.51835	8.74618	9.0377	8.003919999999999	7.086010000000002	7.2033999999999985	7.76299	7.30743	7.631820000000001	7.8644	9.27732	8.415690000000001	7.486170000000001	8.62632	7.485900000000001	12.327440000000005	4.75057	9.949350000000003	7.902469999999999	10.64686	7.641380000000002
KAZ14059	8.99275	9.094240000000001	9.24417	9.13509	9.28214	9.40345	9.5933	9.44981	9.50993	9.617859999999999	9.602340000000002	9.833080000000002	9.618089999999999	9.418069999999998	9.65843	9.98875	9.135470000000002	9.40046	9.719230000000001	8.676210000000001	7.91653	8.038	8.57975	8.26433	8.51279	8.84609	9.238829999999998	8.353340000000001	8.13406	8.356329999999998	8.27617	13.722530000000008	5.58265	10.97046	8.58573	10.57446	8.16894
KAZ14061	9.69528	9.835859999999998	9.99536	9.86052	9.97547	10.13176	10.38823	10.085349999999996	10.220139999999999	10.29188	10.27957	10.521090000000001	10.19445	9.97521	10.180129999999998	10.49523	9.608089999999999	9.91431	10.24	9.105170000000001	8.12347	8.22888	8.91743	8.384269999999999	8.72183	8.96207	9.99243	9.01634	8.463479999999999	8.91754	8.45528	14.119040000000004	5.696369999999999	11.51985	8.991040000000002	11.33539	8.78414
Lesina_280	12.3971	12.57772	12.704290000000002	12.60108	12.608360000000001	12.57996	12.924699999999998	12.53826	12.55401	12.74541	12.758199999999999	12.83637	12.560450000000001	12.328990000000001	12.412189999999999	12.889139999999998	11.849419999999997	12.09215	12.509709999999998	11.047840000000003	10.0992	10.2081	10.79747	10.560820000000001	11.05325	11.300009999999999	12.6537	11.59815	10.421140000000001	11.92731	10.53149	16.615440000000007	7.119059999999999	13.658300000000002	10.952809999999998	14.427190000000001	10.365649999999999
Lesina_281	10.36406	10.513840000000002	10.556090000000001	10.51793	10.372689999999999	10.26792	10.625430000000001	10.15271	10.15361	10.334209999999999	10.49086	10.26788	9.99471	9.81066	9.785919999999999	9.96248	9.28237	9.390110000000002	9.781690000000001	8.63599	7.695440000000001	7.8088999999999995	8.32709	7.998760000000001	8.36326	8.54193	10.52658	9.69736	8.096589999999999	10.174359999999998	8.0916	13.061830000000002	5.5184299999999995	10.77986	8.45056	11.997459999999998	8.12326
Lesina_282	9.90601	10.05867	10.114	10.068589999999999	9.94722	9.886270000000001	10.17034	9.75987	9.76092	9.916220000000001	10.200750000000001	9.88441	9.631590000000001	9.447809999999999	9.46644	9.58485	8.92666	9.12547	9.43909	8.400419999999999	7.51703	7.570979999999999	8.13271	7.78886	7.966619999999999	8.30003	10.08801	9.27007	7.910830000000001	9.681280000000001	7.84094	12.854739999999998	5.290629999999999	10.417449999999999	8.13687	11.35997	8.11088
Lesina_285	8.81614	8.941399999999998	8.99746	8.969030000000002	8.88993	8.82933	9.102279999999999	8.783	8.79529	8.941659999999999	8.96301	8.915180000000001	8.7579	8.60382	8.62791	8.88489	8.22387	8.372290000000001	8.64524	7.660779999999999	6.93641	7.103150000000001	7.424569999999999	7.303910000000002	7.65316	7.822890000000001	8.9661	8.251050000000001	7.259640000000001	8.72847	7.299440000000001	11.754110000000003	4.7492600000000005	9.51191	7.712679999999999	10.30818	7.202099999999998
Lesina_286	10.00446	10.15868	10.216529999999999	10.15689	10.03808	9.972119999999999	10.28189	9.84025	9.83605	9.98068	10.01584	10.004780000000002	9.71852	9.49295	9.55326	9.639520000000001	9.02443	9.18712	9.51984	8.40769	7.5159	7.61749	8.21686	7.808669999999999	8.024180000000001	8.27781	10.174	9.359290000000001	7.9750499999999995	9.77382	7.843439999999999	13.025639999999997	5.49865	10.49379	8.30008	11.642000000000003	8.19757
Lesina_287	10.60523	10.767249999999999	10.8057	10.75065	10.58783	10.50456	10.83535	10.36403	10.39093	10.55974	10.601700000000001	10.548100000000002	10.24396	10.0112	10.00587	10.067519999999998	9.45382	9.6627	9.98946	8.863949999999999	7.857140000000001	7.942700000000002	8.55782	8.14331	8.5047	8.73309	10.754419999999998	9.906979999999999	8.47569	10.45229	8.44106	14.522139999999998	5.59987	10.937330000000003	8.855380000000002	12.167679999999999	8.793210000000002
Lesina_288	9.218	9.341940000000001	9.409360000000001	9.36577	9.30334	9.263530000000003	9.54106	9.243450000000001	9.24119	9.35951	9.44239	9.430290000000001	9.27711	9.08673	9.089680000000001	9.35293	8.65761	8.829279999999999	9.144879999999999	8.02546	7.261500000000002	7.470649999999999	7.899570000000001	7.68704	7.979490000000002	8.24803	9.39648	8.605129999999999	7.596230000000002	9.033240000000001	7.72738	12.64295	5.196160000000001	9.976700000000001	8.00509	10.64511	7.607029999999998
Lesina_289	9.13057	9.26809	9.3071	9.26671	9.15063	9.10102	9.39965	9.02046	9.0136	9.16516	9.338350000000002	9.15799	8.97146	8.756459999999999	8.76121	8.99817	8.35392	8.478629999999999	8.77546	7.80101	7.050419999999999	7.1315300000000015	7.59422	7.308209999999999	7.6617999999999995	7.78806	9.273560000000002	8.56892	7.345940000000001	9.00993	7.345380000000002	12.621650000000002	5.078589999999999	9.637369999999999	7.76904	10.726999999999999	7.512219999999999
Lesina_292	10.46356	10.61835	10.661010000000001	10.58952	10.458849999999998	10.37806	10.694619999999999	10.22069	10.21766	10.359890000000002	10.700770000000002	10.39011	10.10076	9.862250000000001	9.891280000000002	10.048540000000001	9.328339999999999	9.527719999999999	9.906810000000002	8.709589999999999	7.765080000000001	7.86698	8.45561	8.07115	8.338899999999999	8.608480000000002	10.60997	9.83936	8.20394	10.2147	8.25779	14.61542	5.380760000000001	10.980420000000002	8.58121	12.301779999999999	8.62398
Lesina_295	9.4692	9.59115	9.698140000000002	9.61387	9.63995	9.65042	9.89583	9.639579999999999	9.647870000000001	9.81737	9.83217	9.90745	9.729389999999999	9.52347	9.598799999999999	10.052	9.20804	9.419750000000002	9.746090000000002	8.60594	7.8502600000000005	8.05466	8.480910000000002	8.370650000000001	8.59412	8.89863	9.683530000000001	8.87811	8.122530000000001	9.11048	8.248650000000001	13.373480000000002	5.77691	11.09321	8.55644	11.358440000000002	8.143080000000001
PD22NLD0146F	5.3743	5.43421	5.50725	5.453539999999999	5.538549999999999	5.57698	5.67933	5.562939999999999	5.60164	5.6183000000000005	5.64325	5.773309999999999	5.60904	5.540970000000001	5.64107	5.978020000000001	5.3876800000000005	5.5522100000000005	5.68511	5.1887099999999995	4.78568	4.81209	5.12274	5.04482	5.078720000000001	5.31918	5.506570000000001	2.6188000000000002	4.9583	2.51152	4.865309999999999	9.369360000000002	3.5880799999999997	7.462860000000001	5.11119	6.93382	4.9645399999999995
PD22NLD0147F	5.0558499999999995	5.100149999999999	5.183	5.112730000000001	5.24481	5.3001	5.38999	5.34399	5.3711199999999995	5.3823099999999995	5.43955	5.563560000000001	5.4383	5.37325	5.50451	5.944399999999999	5.28327	5.41949	5.517859999999999	5.07866	4.80105	4.78448	5.10998	5.095289999999999	5.11792	5.35843	5.184550000000001	2.49332	4.89145	2.33024	4.987419999999999	9.180370000000003	3.5753700000000004	7.324479999999999	4.96446	6.726120000000001	4.74795
PDOM2022NLD0041J	4.73262	4.7069399999999995	4.87361	4.8185400000000005	5.213170000000001	5.39642	5.38408	5.71778	5.739850000000001	5.88066	5.87321	6.1321200000000005	6.310720000000001	6.344759999999999	6.5871200000000005	7.755479999999999	6.610839999999999	6.796359999999999	6.802340000000001	6.336340000000001	6.7605	6.899939999999999	6.5855999999999995	7.574760000000001	7.653130000000001	7.9152000000000005	4.92148	4.53537	6.5020999999999995	4.00268	6.78776	8.920690000000002	5.0092099999999995	8.608139999999999	7.262170000000001	6.203830000000002	5.13092
PDOM2022NLD0042M	5.90726	5.71251	5.814830000000001	5.764410000000001	5.980660000000001	6.06676	6.1628300000000005	6.20503	6.2355599999999995	6.3362	6.33791	6.524570000000001	6.46755	6.4211100000000005	6.56174	7.27275	6.44819	6.60861	6.61972	6.15097	6.04565	6.110049999999999	6.28305	6.531350000000001	6.63294	6.81134	5.84055	5.41192	6.042260000000001	5.0725299999999995	6.13347	9.425429999999999	4.49648	8.27403	6.4705699999999995	7.25751	5.5048900000000005
PDOM2022NLD0043F	5.58166	5.59347	5.7347399999999995	5.65403	5.93234	6.06791	6.13328	6.2476199999999995	6.285959999999999	6.31265	6.37673	6.578570000000001	6.63184	6.60799	6.79831	7.588419999999999	6.6753100000000005	6.87534	6.904220000000001	6.362229999999999	6.38943	6.4967700000000015	6.48262	7.052299999999999	7.133710000000001	7.48063	5.75751	2.74523	6.28763	2.5323599999999997	6.413169999999999	9.287330000000003	4.5024299999999995	8.878910000000001	6.93253	7.49877	5.340909999999999
PDOM2022NLD0044M	6.367360000000001	6.3661	6.540900000000001	6.4600599999999995	6.808650000000001	6.983559999999999	7.00794	7.211919999999999	7.255190000000001	7.40612	7.370469999999999	7.64442	7.662890000000001	7.64827	7.871369999999999	8.834190000000001	7.779810000000001	8.01347	8.042819999999999	7.455020000000001	7.519690000000001	7.6569600000000015	7.5650200000000005	8.34465	8.54147	8.7961	6.58653	5.954980000000001	7.39833	5.46847	7.533709999999999	10.114070000000002	5.3755999999999995	9.82155	8.195870000000001	8.039099999999998	6.18686
PDOM2022NLD0045M	6.14172	6.13677	6.354220000000001	6.24283	6.739519999999999	6.980269999999999	6.945759999999999	7.31146	7.38475	7.52702	7.46862	7.827030000000001	7.9344	7.93352	8.28884	9.47039	8.15737	8.46729	8.46119	7.917120000000001	8.01781	8.19964	8.10304	9.02505	9.22289	9.43535	6.41479	5.94069	7.90761	5.188700000000001	8.196150000000001	10.979339999999999	5.82173	10.588280000000001	8.68643	7.9704099999999976	6.661859999999999
PDOM2022NLD0046M	6.475750000000001	6.4873199999999995	6.66698	6.56019	6.917290000000001	7.068750000000001	7.12839	7.290230000000001	7.333729999999999	7.462489999999999	7.417210000000001	7.674949999999999	7.71583	7.686019999999999	7.892520000000001	8.871579999999998	7.71691	7.9892199999999995	8.033740000000002	7.3782499999999995	7.271940000000001	7.43122	7.46476	8.09811	8.17275	8.54345	6.69859	6.21603	7.3505	5.77036	7.550129999999999	11.302990000000007	4.91996	10.050589999999998	7.887360000000001	8.164830000000002	6.246899999999999
PDOM2022NLD0047F	6.239380000000001	6.265639999999999	6.40546	6.325959999999999	6.630790000000001	6.747170000000001	6.83895	6.94275	6.972239999999999	7.015609999999999	7.1097	7.302819999999999	7.309660000000001	7.237120000000001	7.407360000000001	8.276110000000001	7.243089999999999	7.524760000000001	7.60332	6.96425	6.74086	6.9297	6.98801	7.46875	7.64753	7.946290000000001	6.43744	3.0738700000000003	6.803909999999999	2.8135499999999998	7.00704	11.160619999999998	4.77593	9.51292	7.391769999999999	8.039939999999998	5.77149
PDOM2022NLD0048F	5.60683	5.647349999999999	5.76724	5.67927	5.90926	6.00938	6.0921	6.141450000000001	6.19762	6.1750300000000005	6.2347600000000005	6.4827900000000005	6.429930000000001	6.36837	6.51762	7.1725200000000005	6.29462	6.534110000000001	6.604080000000001	6.111999999999999	5.8904700000000005	5.956110000000001	6.07488	6.367870000000001	6.6398600000000005	6.823180000000001	5.78038	2.74658	5.87544	2.5478	5.9248199999999995	9.0724	4.092269999999999	8.26145	6.2764500000000005	6.724960000000001	5.35177
PDOM2022NLD0062F	5.49123	5.50771	5.64722	5.564439999999999	5.858619999999999	5.970889999999999	6.032780000000001	6.13958	6.18707	6.2032300000000005	6.24804	6.477659999999999	6.466610000000001	6.44833	6.624680000000001	7.416040000000001	6.488129999999999	6.67335	6.730519999999999	6.164859999999999	6.0857600000000005	6.19839	6.27133	6.68565	6.76881	7.09534	5.683730000000001	2.70255	6.12286	2.42645	6.17867	8.922120000000001	4.26503	8.529460000000002	6.567209999999999	7.013589999999999	5.2114199999999995
PDOM2022NLD0072M	5.785190000000001	5.79632	5.94866	5.86113	6.16847	6.31304	6.38358	6.52041	6.54645	6.66789	6.631489999999999	6.874299999999999	6.913609999999999	6.867319999999999	7.061999999999999	7.97071	6.94803	7.13824	7.148769999999999	6.638989999999999	6.582560000000001	6.75506	6.7185	7.29214	7.425049999999999	7.7799	5.98303	5.51553	6.51284	5.156750000000001	6.75596	9.493789999999997	4.745360000000001	9.13855	7.0641500000000015	7.285490000000001	5.55811
PDOM2022NLD0077M	7.953709999999999	8.00861	8.15464	8.04692	8.29128	8.395529999999999	8.534519999999999	8.52219	8.56747	8.69707	8.693179999999998	8.85684	8.77461	8.708730000000001	8.89818	9.67893	8.62741	8.86831	8.97971	8.210930000000001	7.851710000000001	7.983930000000001	8.18009	8.457970000000001	8.634070000000001	9.04169	8.17454	7.55275	8.01667	7.23044	8.111180000000001	12.376060000000003	6.16079	11.11001	8.636590000000002	9.80756	7.23854
PDOM2022NLD0078F	4.8382000000000005	4.85797	4.9963999999999995	4.907	5.18468	5.29688	5.35423	5.4485399999999995	5.51285	5.5184299999999995	5.537579999999999	5.80602	5.7281699999999995	5.71699	5.85352	6.469250000000001	5.64412	5.91844	5.9508	5.508089999999999	5.1799	5.3419300000000005	5.45773	5.74753	5.99927	6.095980000000001	5.02613	2.3594799999999996	5.22918	2.15797	5.246659999999999	8.00542	3.64717	7.129999999999999	5.6462900000000005	5.815090000000001	4.549099999999999
PDOM2022NLD0080F	5.669440000000001	5.654050000000001	5.82686	5.74385	6.103630000000001	6.28044	6.32125	6.519209999999999	6.58014	6.6132	6.670709999999999	6.94261	7.043610000000001	7.01357	7.215789999999998	8.33185	7.138680000000001	7.41192	7.395910000000001	6.918440000000001	7.06052	7.1181100000000015	6.9933499999999995	7.793340000000001	7.902330000000001	8.369750000000002	5.86344	2.79714	6.85985	2.41737	7.12429	11.058049999999998	5.01361	9.771780000000001	7.77267	7.798380000000002	5.78149
PDOM2022NLD0081F	5.32805	5.33896	5.482310000000001	5.399940000000001	5.672490000000001	5.78346	5.859719999999999	5.9133	5.95606	5.991350000000001	6.01339	6.2428	6.23008	6.20008	6.33997	7.01512	6.177990000000001	6.40722	6.44702	5.91092	5.71207	5.863619999999999	5.95175	6.335240000000001	6.4518200000000006	6.77541	5.5172	2.6098600000000003	5.75976	2.37869	5.901619999999999	8.691450000000001	3.9653600000000004	7.98396	6.270770000000001	6.816650000000001	4.90354
PDOM2022NLD0082F	6.92618	6.93105	7.1059	7.014050000000001	7.33559	7.4970300000000005	7.575090000000001	7.73536	7.750150000000001	7.78443	7.874060000000002	8.12401	8.187570000000001	8.11156	8.36417	9.40782	8.234459999999999	8.445620000000002	8.46116	7.890789999999999	7.911990000000001	7.9956499999999995	8.02336	8.635530000000001	8.869499999999999	9.1808	7.146810000000002	3.3843300000000003	7.75779	3.11796	7.953569999999999	11.057989999999998	5.711069999999999	10.910529999999996	8.55401	9.12922	6.8011
PDOM2022NLD0083F	5.1276600000000006	5.15463	5.274279999999999	5.20306	5.38923	5.47662	5.55863	5.589180000000001	5.603350000000001	5.6363900000000005	5.69993	5.83377	5.7996099999999995	5.741969999999999	5.877949999999999	6.4846699999999995	5.72302	5.935500000000001	5.9549199999999995	5.45708	5.32098	5.382359999999999	5.50789	5.77521	5.8576	6.2198	5.28132	2.52033	5.35992	2.36334	5.36495	7.65184	3.7933899999999996	7.662319999999999	5.74017	6.52707	4.754
PDOM2022NLD0084F	5.0696200000000005	5.068960000000001	5.26251	5.1563	5.583600000000001	5.78289	5.77897	6.06243	6.1285799999999995	6.1671000000000005	6.155779999999999	6.4974799999999995	6.585419999999999	6.59274	6.870229999999999	7.85693	6.76775	6.971660000000001	7.00173	6.50672	6.60025	6.839930000000001	6.748260000000001	7.40348	7.323170000000001	7.727079999999999	5.30152	2.51432	6.51602	2.14283	6.747419999999999	9.182270000000003	4.6467	9.017160000000002	6.97166	6.937579999999998	5.215679999999999
PDOM2022NLD0107J	5.952489999999999	5.91666	6.145090000000001	6.03545	6.57446	6.83985	6.82111	7.227810000000002	7.303349999999998	7.4529700000000005	7.3770500000000006	7.801670000000001	7.949470000000002	7.95044	8.28513	9.690499999999998	8.300170000000001	8.567369999999999	8.56586	8.01947	8.38377	8.542399999999999	8.39155	9.41414	9.482850000000001	9.78895	6.21192	5.697429999999999	8.0908	4.9855	8.35707	10.607630000000006	6.17396	10.970740000000001	8.857520000000001	8.220209999999998	6.444629999999999
PDOM2022NLD0108J	6.524919999999999	6.57427	6.70873	6.61842	6.824960000000001	6.9125000000000005	7.02594	6.98908	7.03753	7.165889999999999	7.1239799999999995	7.289350000000001	7.197189999999999	7.123049999999999	7.23194	7.9084900000000005	6.971279999999999	7.18552	7.31724	6.66384	6.16823	6.387949999999999	6.60333	6.85712	6.95096	7.2409	6.72733	6.2121200000000005	6.451079999999999	5.9091499999999995	6.4141200000000005	9.589270000000003	4.2836	8.88121	6.82142	8.25762	5.656229999999999
PI22NLD0001M	5.0783499999999995	5.12185	5.20464	5.1368	5.2418000000000005	5.28466	5.38723	5.2875499999999995	5.327920000000001	5.41991	5.39168	5.49723	5.36524	5.301589999999999	5.38622	5.757900000000001	5.1928399999999995	5.34828	5.475690000000001	4.96718	4.6693500000000006	4.6732	5.009519999999999	4.90999	4.95813	5.12222	5.18011	4.84382	4.75378	4.6595699999999995	4.87989	8.833200000000001	3.6214000000000004	6.919850000000001	4.93541	6.697350000000002	4.666440000000001
TreeSparrow_01	9.40276	9.51756	9.669120000000001	9.63444	9.69164	9.782319999999999	9.99963	9.775730000000001	9.849120000000001	9.907190000000002	9.96561	10.07518	9.78033	9.673259999999999	9.664950000000001	9.994889999999998	9.344459999999998	9.52482	9.70406	8.74944	7.853010000000001	8.064250000000001	8.68332	8.17482	8.18485	8.68051	9.655009999999999	8.80302	8.215060000000001	8.696959999999999	8.25691	12.634710000000002	5.2142	11.01577	8.68014	9.367759999999999	13.355129999999999
TreeSparrow_02	12.20455	12.4067	12.41084	12.47898	12.116830000000002	11.941600000000001	12.386699999999998	11.6813	11.69028	11.569930000000001	11.835189999999999	11.67311	11.250879999999999	11.079749999999999	10.72982	10.665090000000001	10.251019999999999	10.425839999999999	10.778129999999999	9.49483	8.111609999999999	8.31006	9.064940000000002	8.31786	8.49786	8.86689	12.331519999999998	5.7983400000000005	8.81723	6.06869	8.551599999999999	13.99877	5.42423	12.75738	9.28056	12.43462	13.302389999999999
TreeSparrow_03	10.656350000000002	10.8239	10.87252	10.953470000000001	10.720130000000001	10.63121	10.93675	10.48199	10.49016	10.59096	10.66028	10.59352	10.23481	10.1111	9.896440000000002	10.059370000000001	9.53402	9.663580000000001	9.99744	8.884730000000001	7.790790000000001	7.999320000000001	8.63064	8.0388	8.03724	8.65732	10.81741	9.991330000000001	8.24881	10.482210000000002	8.16653	13.198099999999998	5.07376	10.82574	8.76341	10.0631	12.86108
TreeSparrow_04	10.526459999999998	10.705580000000001	10.78187	10.80484	10.68107	10.684660000000001	10.968300000000001	10.529599999999999	10.60406	10.45561	10.676260000000001	10.701820000000001	10.31676	10.19909	10.0621	10.117230000000001	9.588270000000001	9.807360000000001	10.07779	8.955	7.7668	7.9926200000000005	8.69703	8.029399999999999	8.08857	8.53255	10.732879999999998	5.02819	8.33277	5.067500000000001	8.23492	13.084330000000001	4.9538899999999995	11.49074	8.75709	10.96307	15.143899999999999
TreeSparrow_05	8.76317	8.88551	9.03106	9.050859999999998	9.043289999999999	9.148850000000001	9.36565	9.166720000000002	9.23832	9.282309999999999	9.3321	9.46945	9.153970000000001	9.01024	9.056389999999999	9.26683	8.64889	8.89912	9.1176	8.11027	7.1715	7.3817900000000005	8.0907	7.360469999999999	7.448689999999999	7.8103	9.01718	8.200220000000002	7.549669999999999	8.23738	7.608049999999999	11.399230000000001	4.748880000000001	10.16197	7.92076	8.42135	12.280359999999998
TreeSparrow_06	8.6582	8.79008	8.93581	8.92685	8.934009999999999	9.04263	9.22788	8.982130000000002	9.076609999999999	9.124990000000002	9.124619999999998	9.27269	8.920829999999999	8.78096	8.804129999999999	8.94773	8.40635	8.63848	8.82297	7.918659999999999	6.90239	7.09887	7.77351	7.123099999999999	7.114370000000001	7.51294	8.91308	8.072560000000001	7.310980000000001	7.99325	7.286629999999999	11.41485	4.62426	9.836459999999999	7.690339999999999	8.44245	12.845859999999995
TreeSparrow_07	10.51309	10.654539999999999	10.79727	10.79838	10.793460000000001	10.88599	11.20881	10.87192	10.97239	11.029699999999998	11.095350000000002	11.171380000000001	10.92247	10.76249	10.76471	11.084	10.367059999999999	10.63328	10.84222	9.80817	8.77352	9.05628	9.69525	9.192120000000001	9.236040000000001	9.764660000000001	10.747600000000002	9.863830000000002	9.08455	9.769950000000001	9.245809999999999	14.140729999999994	5.864089999999999	12.569270000000001	9.831579999999999	10.39336	12.15347
TreeSparrow_08	10.092820000000003	10.22543	10.34629	10.387110000000002	10.38233	10.43658	10.71346	10.4566	10.534719999999998	10.41191	10.658719999999999	10.77695	10.490739999999999	10.315590000000002	10.36298	10.67932	9.955440000000001	10.19776	10.35403	9.44853	8.488320000000002	8.664539999999999	9.33365	8.842610000000002	8.83817	9.26048	10.343530000000001	4.83586	8.7773	4.7461400000000005	8.949489999999999	13.725169999999999	5.835709999999999	12.758680000000002	9.428429999999999	10.82965	15.382010000000001
TreeSparrow_09	9.85323	9.96203	10.147039999999999	10.127360000000001	10.235109999999999	10.370130000000001	10.55591	10.46892	10.55471	10.610040000000001	10.669939999999999	10.85928	10.615190000000002	10.46967	10.59017	10.98037	10.18312	10.493179999999999	10.685690000000001	9.650360000000001	8.712570000000001	8.973930000000001	9.62291	9.15157	9.12726	9.6455	10.11027	9.310599999999999	9.03741	9.0947	9.18669	13.656640000000003	5.86904	12.460899999999999	9.52929	9.71291	16.442570000000018
TreeSparrow_10	10.90368	11.052780000000002	11.088949999999999	11.20313	10.929179999999999	10.853740000000002	11.216630000000002	10.753210000000001	10.78121	10.639259999999998	10.940940000000001	10.890229999999999	10.58267	10.37777	10.20411	10.35961	9.83538	10.0428	10.30271	9.24177	8.10148	8.38637	9.0288	8.42904	8.43544	8.94834	11.048020000000003	5.18764	8.60333	5.33943	8.600349999999999	13.818070000000002	5.569859999999999	12.76969	9.09299	11.446330000000003	15.021569999999997
