Sample	sum_pct_a	sum_pct_c	sum_pct_g	sum_pct_t	sum_pct_n	cycle_count	mean_pct_a	mean_pct_c	mean_pct_g	mean_pct_t
Crotone498_R1	5546.390983999999	3896.0745499999994	3897.3814510000034	5552.2395080000015	7.913501999999999	189	29.345984042328034	20.614151058201056	20.621065878306897	29.376928613756622
Crotone498_R2	2941.2149259999997	2055.615297	2057.95293	2944.496090999999	0.720762	100	29.412149259999996	20.55615297	20.5795293	29.444960909999992
Crotone500_R1	5416.504395	4017.459146999999	4019.9776779999984	5424.2894510000015	21.769323	189	28.658753412698413	21.256397603174598	21.269723164021155	28.699944185185192
Crotone500_R2	2882.289179000001	2114.2523	2116.5943219999995	2885.454964	1.409243	100	28.822891790000007	21.142523	21.165943219999996	28.854549640000002
Crotone501_R1	5483.8175720000045	3961.848646999998	3963.0843120000013	5489.012510999998	2.2369519999999996	189	29.01490778835981	20.96216215343914	20.968700063492072	29.042394238095227
Crotone501_R2	2907.353205	2086.8143210000007	2089.264766	2910.1686539999996	6.399064	100	29.073532049999997	20.868143210000007	20.892647659999998	29.101686539999996
Crotone502_R1	5451.4129809999995	3994.6596470000013	3994.979535999999	5456.565995999999	2.3818369999999986	189	28.843454925925922	21.135765328042336	21.137457862433855	28.870719555555553
Crotone502_R2	2891.7553709999993	2101.32772	2103.6806210000004	2894.8241600000006	8.412133	100	28.917553709999993	21.0132772	21.036806210000005	28.948241600000006
Crotone505_R1	5497.110957000002	3942.9834650000016	3943.555421	5500.050702999999	16.299451000000012	189	29.08524315873017	20.862346375661385	20.8653725978836	29.100797370370366
Crotone505_R2	2918.914968	2076.49762	2078.1708790000007	2921.446814999999	4.969723	100	29.18914968	20.7649762	20.781708790000007	29.214468149999988
Crotone510_R1	5353.059675999999	4088.955668999999	4085.7383100000006	5355.137646999999	17.10870699999999	189	28.323067068783065	21.634686079365075	21.61766301587302	28.334061624338617
Crotone510_R2	2860.8122880000005	2134.9928250000003	2136.276833	2862.639626	5.278425	100	28.608122880000007	21.34992825	21.362768329999998	28.62639626
Crotone512_R1	5426.782201000004	4018.2046740000005	4019.0451510000003	5431.798132999999	4.169841999999997	189	28.713133338624356	21.260342190476194	21.26478915873016	28.739672661375657
Crotone512_R2	2879.5820189999995	2117.683133	2119.5802769999996	2882.4730960000006	0.6814749999999998	100	28.795820189999993	21.17683133	21.195802769999997	28.824730960000007
Crotone514_R1	5462.908220999999	3981.957166999999	3984.526099	5467.672105000003	2.9364	189	28.904276301587295	21.068556439153433	21.082148671957672	28.929482037037054
Crotone514_R2	2894.01411	2097.837797	2100.2230860000013	2897.0233379999995	10.90167	100	28.9401411	20.97837797	21.00223086000001	28.970233379999996
Crotone517_R1	5548.486231000003	3895.0303209999975	3897.188698	5551.552241000004	7.742510999999997	189	29.357070005291018	20.608626037037023	20.620046021164022	29.3732922804233
Crotone517_R2	2938.9745909999992	2058.238575	2060.4479029999993	2941.604739	0.7341840000000001	100	29.38974590999999	20.58238575	20.604479029999993	29.41604739
Crotone518_R1	5464.717867999999	3970.614043999998	3972.8782200000014	5470.0125069999995	21.777370000000005	189	28.913851153439147	21.008539915343906	21.02051968253969	28.941865116402113
Crotone518_R2	2903.5769239999986	2093.2934490000002	2095.3732160000004	2906.3511299999986	1.4052749999999998	100	29.035769239999986	20.93293449	20.953732160000005	29.063511299999988
FR041_R1	8452.522255999993	6084.926410000002	6093.406743	8467.108221000006	2.0363610000000003	291	29.04646823367695	20.91040003436427	20.939542072164947	29.096591824742287
FR041_R2	4296.315300000001	3247.041764999999	3255.424383	4300.656286999999	0.5622780000000005	151	28.45241920529802	21.503587847682113	21.559101874172185	28.481167463576153
FR044_R1	8443.978877999996	6094.161698999998	6101.988572000007	8458.730036	1.1408229999999997	291	29.01710954639174	20.942136422680406	20.969032893470814	29.067800810996566
FR044_R2	4298.003302	3245.946704999999	3253.0734380000004	4302.423849999999	0.5527080000000002	151	28.463598026490068	21.49633579470198	21.543532701986756	28.49287317880794
FR046_R1	8390.104875000005	6154.142706	6158.677758999992	8396.543565999998	0.5310959999999998	291	28.831975515463935	21.148256721649485	21.163841096219905	28.854101601374566
FR046_R2	4253.831392000003	3292.2744860000007	3301.3163070000014	4252.266221999998	0.3116070000000001	151	28.171068821192073	21.803142291390735	21.86302190066226	28.16070345695363
FR048_R1	8446.859202999998	6090.529680000004	6099.249035999999	8462.244753999996	1.117317	291	29.027007570446727	20.929655257731973	20.95961868041237	29.079878879725072
FR048_R2	4291.045199000002	3252.325873000001	3260.6964679999987	4295.381514	0.550941	151	28.417517874172198	21.538581940397357	21.594016344370853	28.446235192052978
FR049_R1	8357.932361000005	6190.990222999996	6191.315486000009	8359.228849000006	0.5330770000000005	291	28.72141704810998	21.274880491408922	21.275998233677004	28.725872333333356
FR049_R2	4231.793060000001	3317.9547310000003	3325.664140999998	4224.272267999998	0.315811	151	28.025119602649013	21.97321013907285	22.024265834437074	27.97531303311257
FR050_R1	8444.800187999996	6093.274427999995	6100.575688999997	8459.337219000001	2.0124660000000003	291	29.019931917525756	20.939087381443283	20.964177625429542	29.06988735051547
FR050_R2	4281.904403000001	3261.512674	3270.510295000001	4285.521439999999	0.5511809999999998	151	28.356982801324513	21.599421682119207	21.659008576158946	28.380936688741713
FR051_R1	8403.232344	6138.3058990000045	6143.725526000002	8412.913994999999	1.822233	291	28.877087092783505	21.09383470446737	21.112458852233683	28.910357371134015
FR051_R2	4270.999374000001	3274.105769000001	3282.702226000001	4271.693718000001	0.49891200000000036	151	28.284764066225172	21.682819662251664	21.73974984105961	28.289362370860935
FR061_R1	8466.168267	6071.188662000001	6080.595052	8480.298444000005	1.7495680000000007	291	29.093361742268037	20.86319127835052	20.895515642611684	29.14191905154641
FR061_R2	4307.651483999999	3235.826132000001	3244.3765069999986	4311.654656999999	0.4912139999999997	151	28.527493271523173	21.429312132450338	21.48593713245032	28.55400435099337
FR063_R1	8454.172738	6085.660369999997	6093.327988000004	8466.310105999994	0.5288069999999999	291	29.052139993127145	20.912922233676966	20.93927143642613	29.093849161512004
FR063_R2	4290.882757999998	3253.463828000002	3261.8948799999994	4293.442924999999	0.3155980000000002	151	28.41644210596025	21.54611806622518	21.601952847682114	28.433396854304632
FR064_R1	8463.699245	6075.253268999997	6082.458013000004	8476.770444	1.8190140000000001	291	29.084877130584193	20.87715899999999	20.90191757044675	29.129795340206186
FR064_R2	4310.581584999999	3233.736194	3241.608238999999	4313.557436000001	0.5165460000000002	151	28.546897913907276	21.41547148344371	21.467604231788073	28.566605536423847
Guglionesi_336_R1	5568.902759	3872.385356	3872.2360080000008	5570.661041	15.814817000000005	189	29.46509396296296	20.488811407407407	20.48802120634921	29.474397042328043
Guglionesi_336_R2	2968.491019000001	2023.4169669999994	2026.5274060000002	2972.5982489999988	8.966366000000003	100	29.68491019000001	20.234169669999993	20.265274060000003	29.72598248999999
Guglionesi_426_R1	5556.695810000001	3891.868684999998	3892.807513999998	5555.420085999998	3.207909999999999	189	29.40050693121694	20.591897804232794	20.596865153439143	29.39375706878306
Guglionesi_426_R2	2969.412097000001	2025.5644820000002	2028.7563729999995	2973.3485759999985	2.918476000000001	100	29.694120970000007	20.25564482	20.287563729999995	29.733485759999986
Guglionesi_427_R1	5530.733777000002	3921.218309	3913.8403629999984	5531.329375	2.8781810000000005	189	29.26314167724869	20.74718682010582	20.70815006878306	29.26629298941799
Guglionesi_427_R2	2968.346660000002	2026.5781810000008	2029.81017	2972.7060340000007	2.5589489999999984	100	29.68346660000002	20.265781810000007	20.2981017	29.72706034000001
Guglionesi_428_R1	5546.6290590000035	3904.8348550000005	3903.1246629999987	5542.320537999999	3.0908879999999987	189	29.34724369841272	20.66050187830688	20.651453243386236	29.324447291005285
Guglionesi_428_R2	2969.201385	2026.0479510000005	2028.9137389999999	2972.9678299999996	2.869084	100	29.69201385	20.260479510000003	20.289137389999997	29.729678299999996
Guglionesi_429_R1	5503.116638	3944.5948960000023	3948.0136609999986	5503.756534000002	0.518281	189	29.117019248677252	20.87087246560848	20.88896116931216	29.120404941798952
Guglionesi_429_R2	2949.6614720000007	2047.3471029999996	2049.764902	2953.0057569999994	0.22076700000000005	100	29.496614720000007	20.473471029999995	20.497649019999997	29.530057569999993
Guglionesi_431_R1	5556.993455999999	3888.104035	3891.382150000002	5563.058630000004	0.46172899999999995	189	29.402081777777774	20.57197902116402	20.589323544973556	29.434172645502667
Guglionesi_431_R2	2954.6883650000004	2042.1878549999994	2044.3125719999996	2958.5857570000003	0.22545399999999993	100	29.546883650000005	20.421878549999995	20.443125719999998	29.58585757
Guglionesi_432_R1	5507.342291000003	3943.259720000001	3943.573285	5505.313857	0.5108670000000001	189	29.139377201058217	20.863808042328046	20.865467116402115	29.128644746031746
Guglionesi_432_R2	2948.3372869999994	2048.7585159999994	2051.3260289999994	2951.3568589999986	0.22130900000000006	100	29.483372869999993	20.487585159999995	20.513260289999995	29.513568589999988
Guglionesi_433_R1	5545.515377999996	3890.9307000000003	3894.573163000002	5550.4697810000025	18.510986	189	29.341351206349188	20.586934920634924	20.60620721164022	29.367564978835993
Guglionesi_433_R2	2947.5190080000007	2044.6005289999998	2047.0514150000001	2950.791609	10.037422000000001	100	29.475190080000008	20.44600529	20.47051415	29.50791609
Guglionesi_434_R1	5498.220429999997	3937.699571	3942.6503440000015	5502.029748	19.39991999999999	189	29.091113386243368	20.834389264550264	20.860583830687837	29.111268507936508
Guglionesi_434_R2	2937.022638	2052.3075049999998	2055.4358089999996	2940.985921999999	14.248126999999997	100	29.37022638	20.52307505	20.554358089999997	29.40985921999999
Guglionesi_435_R1	5530.752908000001	3914.3071279999995	3914.2854219999986	5527.935345999998	12.719206999999999	189	29.263242899470907	20.710619724867723	20.71050487830687	29.248335164021157
Guglionesi_435_R2	2959.5416269999996	2032.3163619999998	2035.4072029999998	2963.2981759999993	9.436634999999999	100	29.595416269999998	20.32316362	20.354072029999998	29.632981759999993
KAZ14001_R1	5523.89056	3922.1487020000004	3923.7342220000023	5529.095063000001	1.1314410000000008	189	29.22693417989418	20.752109534391536	20.76049852910054	29.254471232804235
KAZ14001_R2	2930.1079540000005	2067.2204140000003	2069.1128940000003	2933.2230340000015	0.3357050000000001	100	29.301079540000003	20.672204140000005	20.691128940000002	29.332230340000013
KAZ14003_R1	5360.643708000003	4088.2023090000007	4086.0981060000013	5364.002747000004	1.0531450000000002	189	28.36319422222224	21.63070004761905	21.619566698412704	28.380966915343937
KAZ14003_R2	2868.708828	2130.7463270000007	2130.330377	2869.894321	0.32014799999999993	100	28.687088279999998	21.307463270000007	21.303303770000003	28.698943210000003
KAZ14032_R1	5458.742273999999	3987.698944999999	3987.7198620000004	5464.4530559999985	1.38587	189	28.88223425396825	21.09893621693121	21.09904688888889	28.912450031746022
KAZ14032_R2	2894.4407529999994	2102.8830639999996	2104.4909780000003	2897.8425950000005	0.342613	100	28.944407529999992	21.028830639999995	21.04490978	28.978425950000005
KAZ14035_R1	5503.387228000002	3943.9442689999996	3944.561624999999	5506.720784000004	1.3860960000000004	189	29.118450941798955	20.867429994708992	20.870696428571424	29.136088804232823
KAZ14035_R2	2918.2657760000016	2079.5145690000004	2081.076716	2920.80726	0.335683	100	29.182657760000016	20.795145690000005	20.81076716	29.2080726
KAZ14053_R1	5541.938757000004	3905.102598999998	3905.6031630000034	5546.071685000003	1.2838030000000002	189	29.32242728571431	20.6619185132275	20.66456700000002	29.344294629629644
KAZ14053_R2	2939.7342220000005	2057.440859	2059.6054480000007	2942.8571260000003	0.36235399999999984	100	29.397342220000006	20.574408589999997	20.596054480000006	29.428571260000002
KAZ14054_R1	5492.984788999997	3952.167350000001	3953.3735189999993	5500.207433	1.2668929999999998	189	29.063411582010566	20.910938359788364	20.917320206349203	29.101626629629628
KAZ14054_R2	2911.1486029999996	2085.494703	2087.892383	2915.110188999999	0.3541260000000003	100	29.111486029999995	20.854947029999998	20.878923829999998	29.151101889999993
KAZ14055_R1	5546.522813	3900.147938999999	3900.645221999999	5551.377789999999	1.3062250000000013	189	29.34668155026455	20.635703380952375	20.638334507936502	29.37236925925925
KAZ14055_R2	2943.071604	2054.018489	2055.968336	2946.585019000001	0.3565540000000001	100	29.430716040000004	20.54018489	20.559683359999998	29.465850190000012
KAZ14057_R1	5499.382686999999	3946.9374450000005	3948.3789179999976	5503.890843000002	1.410091	189	29.09726289417989	20.883266904761907	20.890893746031733	29.121115571428582
KAZ14057_R2	2915.8357490000008	2081.091312	2083.5592319999996	2919.172097	0.34161500000000017	100	29.158357490000007	20.81091312	20.835592319999996	29.191720970000002
KAZ14059_R1	5454.672933999999	3991.520933000001	3992.681551000001	5459.822921000001	1.3016490000000003	189	28.86070335449735	21.11915837566138	21.12529921164022	28.88795196296297
KAZ14059_R2	2893.601624	2103.8772740000004	2105.6195629999993	2896.5685780000013	0.3329720000000004	100	28.93601624	21.038772740000002	21.056195629999994	28.965685780000012
KAZ14061_R1	5453.061376000005	3992.1192020000017	3994.3523520000003	5459.1686949999985	1.2983770000000006	189	28.85217659259262	21.12232382010583	21.13413942857143	28.88449044973544
KAZ14061_R2	2892.354792000001	2104.7057910000003	2106.768312000001	2895.8411649999985	0.32993099999999975	100	28.92354792000001	21.047057910000003	21.067683120000012	28.958411649999984
Lesina_280_R1	5474.470221	3967.9819959999986	3968.4584499999983	5475.324382000003	13.764944999999997	189	28.9654509047619	20.99461373544973	20.997134656084647	28.969970275132294
Lesina_280_R2	2926.619396	2065.0078080000008	2067.968758999999	2930.614919	9.789126999999999	100	29.26619396	20.650078080000007	20.67968758999999	29.30614919
Lesina_281_R1	5491.44303	3952.8119829999996	3950.3790770000005	5491.076591000002	14.289319999999996	189	29.055254126984128	20.914349116402114	20.9014765978836	29.053315296296304
Lesina_281_R2	2937.2312819999997	2054.51022	2057.307019	2941.0755200000003	9.875958999999998	100	29.372312819999998	20.545102200000002	20.57307019	29.410755200000004
Lesina_282_R1	5515.431877999999	3918.8916209999993	3923.4000649999994	5519.3339419999975	22.942497	189	29.182179248677247	20.7348763015873	20.7587305026455	29.202825089947076
Lesina_282_R2	2931.442476999999	2057.887401	2060.9019439999997	2935.356285000001	14.411886	100	29.31442476999999	20.57887401	20.609019439999997	29.353562850000014
Lesina_285_R1	5467.707287999998	3990.9957659999986	3977.835867000001	5462.788878999999	0.6721990000000001	189	28.92966819047618	21.116379714285706	21.046750619047625	28.903644862433858
Lesina_285_R2	2942.6641099999997	2053.9982219999993	2056.8878389999995	2946.1824990000005	0.26733200000000007	100	29.426641099999998	20.53998221999999	20.568878389999995	29.461824990000004
Lesina_286_R1	5520.731553999999	3929.423905999999	3928.8977000000004	5520.377266999996	0.5695750000000003	189	29.210219862433856	20.79060267724867	20.78781851851852	29.20834532804231
Lesina_286_R2	2946.2446290000003	2050.0651279999997	2052.9665040000004	2950.455758000001	0.2679899999999999	100	29.462446290000003	20.500651279999996	20.529665040000005	29.50455758000001
Lesina_287_R1	5538.844616999998	3908.6570420000007	3910.9444740000026	5540.999771000003	0.554091	189	29.306056174603164	20.680725089947092	20.69282790476192	29.317459105820124
Lesina_287_R2	2948.479275999999	2048.6526010000002	2050.7961690000006	2951.8035749999995	0.26839299999999994	100	29.48479275999999	20.486526010000002	20.507961690000005	29.518035749999996
Lesina_288_R1	5508.572770999998	3938.5451239999998	3940.430396000002	5509.112588000002	3.3391150000000005	189	29.14588767724867	20.83886308994709	20.848838074074084	29.14874385185186
Lesina_288_R2	2944.56981	2051.661481999999	2054.1701230000003	2948.0965879999994	1.5019949999999993	100	29.4456981	20.51661481999999	20.541701230000005	29.480965879999996
Lesina_289_R1	5515.062013000002	3933.8021809999987	3933.779064999999	5513.995918	3.3608050000000005	189	29.1802222910053	20.813768153439145	20.81364584656084	29.174581576719575
Lesina_289_R2	2948.2785279999994	2047.9046409999999	2050.4774189999994	2951.8521830000004	1.4872189999999998	100	29.482785279999995	20.47904641	20.504774189999992	29.518521830000005
Lesina_292_R1	5539.755142999998	3909.1884809999992	3908.6777369999995	5538.7285409999995	3.65009	189	29.310873772486758	20.68353693650793	20.680834587301586	29.305442015873012
Lesina_292_R2	2953.1453299999994	2043.1469779999993	2045.656817	2956.5118759999987	1.5390059999999999	100	29.531453299999995	20.431469779999993	20.45656817	29.565118759999987
Lesina_295_R1	5424.205524000002	4018.6217859999983	4017.860547999999	5420.449578000001	18.862578	189	28.699500126984137	21.262549132275122	21.258521417989414	28.6796273968254
Lesina_295_R2	2911.2478080000005	2078.3789490000004	2081.12741	2914.9286859999997	14.317152000000009	100	29.112478080000006	20.783789490000004	20.811274100000002	29.149286859999997
PD22NLD0146F_R1	8360.405873999996	6085.044758999999	6086.391589000001	8367.913046000001	0.24472399999999975	289	28.928740048442894	21.055518197231834	21.060178508650523	28.954716422145335
PD22NLD0146F_R2	4311.498750999999	3182.415472999999	3189.4141030000005	4316.582613999998	0.08905499999999997	150	28.743325006666662	21.21610315333333	21.26276068666667	28.777217426666652
PD22NLD0147F_R1	8324.064361000002	6124.755356000004	6123.297911999995	8327.610014999998	0.27235699999999974	289	28.80299086851212	21.19292510726645	21.18788204844289	28.815259567474044
PD22NLD0147F_R2	4299.436197	3193.842665999998	3201.5306469999996	4305.097347	0.09315599999999993	150	28.66290798	21.29228443999999	21.343537646666665	28.70064898
PDOM2022NLD0041J_R1	7986.613417000004	6455.674510999996	6462.245357999996	7995.278650999999	0.18806699999999987	289	27.63534054325261	22.337974086505174	22.360710581314862	27.66532405190311
PDOM2022NLD0041J_R2	4185.086485999998	3309.269862999998	3316.351051000002	4188.948743999999	0.3438579999999999	150	27.90057657333332	22.061799086666653	22.10900700666668	27.926324959999995
PDOM2022NLD0042M_R1	8137.223391	6304.7468930000005	6311.806266999995	8146.030269999999	0.19318999999999997	289	28.15648232179931	21.815733193771628	21.840160093425588	28.186955951557092
PDOM2022NLD0042M_R2	4266.370680000002	3228.1861820000004	3235.3321219999993	4269.780663000002	0.3303490000000001	150	28.44247120000001	21.521241213333337	21.56888081333333	28.465204420000017
PDOM2022NLD0043F_R1	8049.185668000001	6391.125435999996	6400.036212000004	8059.482690999997	0.16998899999999992	289	27.851853522491353	22.114620885813135	22.145454020761257	27.887483359861584
PDOM2022NLD0043F_R2	4216.768437999999	3277.3857830000034	3284.170839	4221.366999000002	0.30793499999999996	150	28.11178958666666	21.849238553333354	21.89447226	28.14244666000001
PDOM2022NLD0044M_R1	8048.702991	6393.149984999996	6401.530074	8056.434004000002	0.18294000000000016	289	27.850183359861592	22.12162624567473	22.150623093425608	27.8769342698962
PDOM2022NLD0044M_R2	4212.432219	3280.8410860000013	3288.83736	4217.548043000002	0.3412930000000002	150	28.082881460000003	21.872273906666674	21.9255824	28.116986953333345
PDOM2022NLD0045M_R1	8016.588032000003	6425.808861999999	6432.560373	8024.863360000001	0.179377	289	27.739058934256068	22.234632740484425	22.257994370242216	27.767693287197236
PDOM2022NLD0045M_R2	4206.153734000001	3288.7200319999997	3294.9106030000003	4209.924713000001	0.290929	150	28.041024893333343	21.92480021333333	21.96607068666667	28.066164753333343
PDOM2022NLD0046M_R1	8092.618733	6349.3286800000005	6355.305108000001	8102.306764000001	0.4407449999999995	289	28.00214094463668	21.969995432525952	21.990675114186857	28.0356635432526
PDOM2022NLD0046M_R2	4252.709870999998	3242.961021	3248.292013000003	4255.780084000001	0.257018	150	28.351399139999987	21.61974014	21.655280086666686	28.371867226666673
PDOM2022NLD0047F_R1	8100.489647999993	6340.350342999998	6348.508713000003	8110.247163999998	0.40414899999999976	289	28.029375944636655	21.938928522491345	21.967158176470598	28.06313897577854
PDOM2022NLD0047F_R2	4256.478415999998	3238.1671219999994	3244.5921579999995	4260.538644000001	0.22367399999999998	150	28.37652277333332	21.587780813333328	21.630614386666664	28.403590960000006
PDOM2022NLD0048F_R1	8115.408442999997	6322.278797999999	6333.143809000003	8128.986835999998	0.18211499999999992	289	28.080998072664347	21.876397224913493	21.91399241868513	28.127982131487883
PDOM2022NLD0048F_R2	4235.938212999999	3254.7985760000006	3265.1374829999986	4243.806847	0.31887099999999996	150	28.239588086666664	21.698657173333338	21.76758321999999	28.292045646666665
PDOM2022NLD0062F_R1	8082.593981000002	6356.772857999997	6367.479404000002	8092.724684999999	0.4290930000000003	289	27.967453221453294	21.995753833910022	22.032800705882362	28.00250756055363
PDOM2022NLD0062F_R2	4248.281104999996	3245.908697999999	3253.0192510000015	4252.546955000002	0.24400100000000005	150	28.32187403333331	21.63939131999999	21.686795006666678	28.350313033333343
PDOM2022NLD0072M_R1	8077.610001000001	6364.000565999994	6372.072866999999	8086.125038000004	0.19152799999999995	289	27.95020761591696	22.020763204152228	22.04869504152249	27.97967141176472
PDOM2022NLD0072M_R2	4239.541816000001	3254.986703	3261.7779249999994	4243.363579	0.32996900000000007	150	28.263612106666674	21.699911353333334	21.745186166666663	28.289090526666666
PDOM2022NLD0077M_R1	8191.713774000001	6250.1295519999985	6256.693234000004	8201.020927999996	0.4425009999999998	289	28.345030359861596	21.626745854671274	21.649457557093438	28.377235044982687
PDOM2022NLD0077M_R2	4315.1858440000005	3180.361836000001	3185.362942	4318.848906000002	0.24047399999999997	150	28.76790562666667	21.202412240000005	21.23575294666667	28.792326040000013
PDOM2022NLD0078F_R1	8089.084875	6349.152648000002	6358.7285139999985	8102.636309999998	0.3976639999999996	289	27.989913062283737	21.969386325259524	22.002520809688576	28.036803840830444
PDOM2022NLD0078F_R2	4220.7529	3270.1761250000004	3281.061930000001	4227.768659000002	0.24038899999999988	150	28.13835266666667	21.80117416666667	21.873746200000006	28.185124393333346
PDOM2022NLD0080F_R1	7988.541022999997	6451.2481459999935	6460.766908999999	7999.250636999998	0.19328999999999985	289	27.6420104602076	22.322657944636656	22.355594840830445	27.67906794809688
PDOM2022NLD0080F_R2	4187.757523999999	3304.895822	3314.5990289999995	4192.431409999999	0.31621000000000005	150	27.918383493333327	22.03263881333333	22.097326859999995	27.949542733333328
PDOM2022NLD0081F_R1	8072.173246000005	6366.227900000002	6375.872572000006	8085.5501209999975	0.17616699999999993	289	27.93139531487891	22.02847024221454	22.0618428096886	27.977682079584767
PDOM2022NLD0081F_R2	4224.146146999999	3268.036012	3278.027696	4229.455905000001	0.33424000000000004	150	28.160974313333323	21.786906746666666	21.853517973333336	28.196372700000005
PDOM2022NLD0082F_R1	8054.097347000001	6384.766437999996	6394.725355999993	8066.221169999997	0.18969099999999997	289	27.868848951557098	22.092617432525937	22.127077356401358	27.910799896193762
PDOM2022NLD0082F_R2	4220.901073000003	3272.340326999997	3280.377737000002	4226.066159	0.314697	150	28.139340486666686	21.81560217999998	21.869184913333346	28.173774393333332
PDOM2022NLD0083F_R1	8109.686849000002	6329.453503999999	6339.211382000003	8121.468068000003	0.18021500000000007	289	28.061200169550183	21.901223197231833	21.934987480968868	28.101965633218004
PDOM2022NLD0083F_R2	4250.436321000001	3242.0262549999975	3251.2772790000004	4255.931604999998	0.32854600000000006	150	28.336242140000007	21.61350836666665	21.675181860000002	28.372877366666653
PDOM2022NLD0084F_R1	7996.892332000004	6444.310940999999	6451.596777999997	8007.020055000003	0.17988399999999988	289	27.670907723183404	22.2986537750865	22.323864283737016	27.705951747404853
PDOM2022NLD0084F_R2	4187.437381000002	3306.8415919999984	3313.632367	4191.768988000001	0.31967700000000016	150	27.916249206666677	22.045610613333324	22.09088244666667	27.94512658666667
PDOM2022NLD0107J_R1	7951.764208000003	6491.021641999999	6497.168516	7959.862026000002	0.18362599999999987	289	27.51475504498271	22.46028249826989	22.481551958477507	27.542775176470595
PDOM2022NLD0107J_R2	4165.147117999999	3330.298721	3336.152853	4168.083335000001	0.3179740000000001	150	27.767647453333325	22.201991473333333	22.24101902	27.787222233333342
PDOM2022NLD0108J_R1	8174.677162000001	6265.438603000006	6273.867830000005	8185.829938999996	0.18646800000000002	289	28.28608014532872	21.67971834948099	21.708885224913512	28.324671069204136
PDOM2022NLD0108J_R2	4282.4586469999995	3212.46974	3217.8036270000002	4286.973699	0.29428700000000013	150	28.54972431333333	21.416464933333334	21.452024180000002	28.57982466
PI22NLD0001M_R1	8353.282614000003	6092.487853999997	6093.659846000006	8360.313676000003	0.2559989999999999	289	28.90409208996541	21.081272851211065	21.085328186851232	28.928421024221464
PI22NLD0001M_R2	4301.724665000001	3192.874521999999	3199.8770689999983	4305.428383	0.09534599999999997	150	28.678164433333336	21.28583014666666	21.332513793333323	28.70285588666667
TreeSparrow_01_R1	5496.381756999998	3956.190662	3953.9161529999997	5492.693859999998	0.8175760000000003	189	29.081384957671947	20.932225724867724	20.920191285714285	29.061872275132263
TreeSparrow_01_R2	2914.6414339999997	2084.9967589999997	2084.868420999999	2915.0444699999994	0.44891300000000006	100	29.146414339999996	20.849967589999995	20.84868420999999	29.150444699999994
TreeSparrow_02_R1	5557.772799	3890.521939000002	3888.9168170000016	5554.321726000003	8.466716	189	29.406205285714286	20.584772164021174	20.576279455026462	29.387945640211655
TreeSparrow_02_R2	2959.767428	2033.9348900000011	2036.5496180000002	2963.451757	6.296308999999998	100	29.59767428	20.33934890000001	20.36549618	29.63451757
TreeSparrow_03_R1	5585.542564999997	3864.970607000001	3863.715724999999	5585.169031	0.602091	189	29.55313526455025	20.449579931216938	20.44294034391534	29.551158894179895
TreeSparrow_03_R2	2941.7715810000004	2058.586353	2057.2709279999995	2941.913468999999	0.45767100000000005	100	29.417715810000004	20.58586353	20.572709279999994	29.419134689999993
TreeSparrow_04_R1	5543.731808000001	3906.0651749999984	3905.283416	5544.299262999998	0.6203290000000001	189	29.331914328042334	20.6670115079365	20.66287521693122	29.334916735449724
TreeSparrow_04_R2	2936.5787849999997	2062.089326	2062.727030999999	2938.1774910000004	0.42736	100	29.365787849999997	20.62089326	20.62727030999999	29.381774910000004
TreeSparrow_05_R1	5488.114872999994	3960.7920279999994	3961.117754999998	5489.17041	0.8049230000000005	189	29.0376448306878	20.956571576719572	20.95829499999999	29.043229682539682
TreeSparrow_05_R2	2904.5945679999995	2094.0363040000007	2094.493078	2906.434601999999	0.44144399999999995	100	29.045945679999996	20.94036304000001	20.94493078	29.064346019999988
TreeSparrow_06_R1	5499.600549999999	3951.148266000001	3949.1752870000028	5499.256907999999	0.8189679999999998	189	29.098415608465604	20.905546380952387	20.895107338624353	29.096597396825395
TreeSparrow_06_R2	2916.129159	2082.750007999999	2082.724322	2917.949511000001	0.44699300000000003	100	29.16129159	20.82750007999999	20.82724322	29.179495110000012
TreeSparrow_07_R1	5489.438657999997	3963.9018329999976	3960.0283610000024	5485.315242999998	1.3158960000000004	189	29.04464898412697	20.973025571428558	20.952531010582025	29.022831973544964
TreeSparrow_07_R2	2917.3947090000006	2083.2085500000003	2082.213296	2916.8544429999997	0.329001	100	29.173947090000006	20.8320855	20.822132959999998	29.168544429999997
TreeSparrow_08_R1	5476.660545999998	3977.8619010000016	3971.1902719999985	5473.500643	0.786648	189	28.977039925925915	21.046888365079372	21.011588740740734	28.960320862433864
TreeSparrow_08_R2	2923.2062589999987	2077.290687000001	2075.61319	2923.4220709999995	0.467796	100	29.232062589999988	20.77290687000001	20.7561319	29.234220709999995
TreeSparrow_09_R1	5468.508192	3985.2053109999993	3980.73369	5464.766696999999	0.7861110000000003	189	28.933905777777778	21.085742386243382	21.062083015873014	28.9141095079365
TreeSparrow_09_R2	2906.3663419999993	2094.3522479999997	2093.0718280000006	2905.7325630000005	0.477027	100	29.063663419999994	20.94352248	20.930718280000004	29.057325630000005
TreeSparrow_10_R1	5540.566708999999	3913.027379999999	3907.5148360000007	5538.117212000002	0.7738609999999997	189	29.315167772486767	20.703848571428566	20.674681671957675	29.302207470899482
TreeSparrow_10_R2	2944.9611769999997	2055.414974	2054.1700850000007	2944.973634000001	0.4801439999999999	100	29.449611769999997	20.55414974	20.541700850000005	29.44973634000001
