scaffold	start	end	mid	sites	lnL
chr6	54	205038	73004	250	-15674.87982
chr6	205188	342615	271537	250	-14440.83404
chr6	342712	455073	394088	250	-13871.13109
chr6	455113	576478	506803	250	-14526.30205
chr6	576549	670866	612179	250	-15432.81481
chr6	671493	930086	800185	250	-15401.37090
chr6	930087	1318344	1108149	250	-14789.22219
chr6	1323723	2032405	1613953	250	-15204.24231
chr6	2033772	2933652	2549241	250	-17720.66246
chr6	2933655	3251436	3135265	250	-16868.88915
chr6	3256197	3528144	3401429	250	-16147.84515
chr6	3528250	3647027	3587150	250	-16341.40693
chr6	3647096	3976093	3783600	250	-15057.93398
chr6	3977285	4324895	4198123	250	-15625.40520
chr6	4324909	4374970	4337244	250	-15970.51242
chr6	4379443	4783357	4579021	250	-15246.89959
chr6	4783369	5389498	5080692	250	-15529.81054
chr6	5389499	5635538	5516737	250	-16171.42278
chr6	5635579	5897691	5759248	250	-15996.30116
chr6	5899289	6327149	6073155	250	-15553.40547
chr6	6327153	6692503	6529616	250	-16066.27421
chr6	6692523	7208714	6953345	250	-16230.97347
chr6	7208752	7919233	7689298	250	-15490.55594
chr6	7920282	8080708	8020269	250	-15651.59346
chr6	8080822	8199050	8144711	250	-14086.84319
chr6	8200121	8483633	8332293	250	-14374.29076
chr6	8488276	8871495	8685983	250	-14772.36345
chr6	8871662	9224149	9062722	250	-14296.49400
chr6	9226599	9629759	9467617	250	-14877.29670
chr6	9629839	9908122	9774309	250	-15670.93516
chr6	9908144	10032276	9965698	250	-15978.33858
chr6	10034443	10192054	10092309	250	-15782.26360
chr6	10192378	10376432	10267071	250	-15957.28752
chr6	10376473	10906241	10645360	250	-15231.43630
chr6	10906754	11343581	11170782	250	-15052.00674
chr6	11345470	11568223	11463322	250	-15158.23046
chr6	11569347	11742618	11652160	250	-16823.51235
chr6	11742958	11929028	11848491	250	-13437.73418
chr6	11929033	12039945	11988441	250	-14516.98408
chr6	12040194	12178104	12125127	250	-13771.48726
chr6	12178128	12304756	12246873	250	-13863.43952
chr6	12304765	12386789	12335449	250	-14594.76550
chr6	12386820	12466619	12420618	250	-15209.06163
chr6	12466859	12592374	12544880	250	-14990.54661
chr6	12592385	12705441	12647212	250	-14793.50452
chr6	12707911	12836493	12760624	250	-14798.71546
chr6	12836531	12900802	12867463	250	-16941.92346
chr6	12904919	12991477	12966487	250	-15939.00068
chr6	12992098	13042583	13014253	250	-16287.62851
chr6	13042593	13135166	13093146	250	-15561.76803
chr6	13135371	13292911	13202096	250	-14941.75310
chr6	13292974	13341007	13313344	250	-15236.53037
chr6	13341036	13441245	13404975	250	-15780.28666
chr6	13441262	13496608	13476140	250	-15283.90293
chr6	13496654	13533502	13512492	250	-14840.00358
chr6	13533844	13661364	13588526	250	-14483.76689
chr6	13661369	13718859	13690005	250	-15191.17184
chr6	13719729	13846127	13797347	250	-15263.89080
chr6	13846243	13901100	13875120	250	-16109.73042
chr6	13901127	13949484	13930812	250	-14983.43685
chr6	13949619	13982423	13964504	250	-15661.07191
chr6	13982436	14020264	14002073	250	-14231.91122
chr6	14020308	14066312	14044125	250	-15549.57533
chr6	14066314	14097102	14081693	250	-15173.86144
chr6	14097554	14208524	14148984	250	-15211.11470
chr6	14208581	14256214	14231274	250	-15735.24843
chr6	14256477	14312737	14283214	250	-16638.70552
chr6	14313532	14879744	14455528	250	-16124.29372
chr6	14879885	15563841	15254923	250	-16684.44659
chr6	15565476	15833321	15721291	250	-15547.85521
chr6	15833352	16368636	16110124	250	-14771.03225
chr6	16370276	16697635	16558170	250	-15336.45526
chr6	16697902	17087936	16946269	250	-14860.61821
chr6	17088533	17197431	17145871	250	-14322.28071
chr6	17197432	17345686	17269955	250	-14640.38982
chr6	17345699	17501469	17427444	250	-14073.29030
chr6	17501699	17714472	17631500	250	-14077.02491
chr6	17714474	17916069	17813395	250	-11731.81137
chr6	17916964	18242262	18016998	250	-14075.24653
chr6	18242266	18387852	18316336	250	-12627.77640
chr6	18387855	18475030	18428542	250	-13122.35107
chr6	18475211	18679227	18578165	250	-13573.02177
chr6	18679651	18771517	18723796	250	-15956.51936
chr6	18771601	18880966	18834718	250	-15115.27077
chr6	18881061	19034642	18955875	250	-15079.70267
chr6	19034812	19228179	19127172	250	-14451.47637
chr6	19228608	19324148	19291967	250	-13621.56633
chr6	19324809	19430785	19360239	250	-13536.62704
chr6	19433524	19550259	19497742	250	-15083.39262
chr6	19550260	19687368	19634613	250	-14947.22475
chr6	19687396	19802159	19737705	250	-14375.74886
chr6	19802355	19910262	19839968	250	-13936.95574
chr6	19914154	20094508	20005245	250	-15112.29323
chr6	20094510	20358906	20257973	250	-16848.18962
chr6	20358985	20519939	20433562	250	-15678.23939
chr6	20519983	20726842	20631853	250	-15010.61946
chr6	20726880	21117376	20887007	250	-14823.13255
chr6	21117379	21386852	21251044	250	-14290.70297
chr6	21386854	21749552	21525087	250	-14709.32230
chr6	21749568	22964711	22451012	250	-15408.90046
chr6	22964783	23433054	23173264	250	-14013.74374
chr6	23442878	23726626	23607726	250	-13851.34042
chr6	23726627	23995302	23899406	250	-13905.26361
chr6	23995305	24240411	24122461	250	-14969.72542
chr6	24240436	24574703	24408019	250	-15124.96227
chr6	24574835	24988361	24763194	250	-14561.78928
chr6	24989076	25706045	25343852	250	-14759.28098
chr6	25706077	26081451	25915687	250	-13792.93835
chr6	26081452	26219339	26150034	250	-14653.21413
chr6	26219448	26422620	26298412	250	-15691.64273
chr6	26422636	26588320	26504265	250	-14891.16812
chr6	26589185	26891216	26713114	250	-13462.93281
chr6	26891259	27275812	27036450	250	-16975.16247
chr6	27276005	27896157	27583457	250	-14706.14909
chr6	27896158	28225077	28066976	250	-15674.60659
chr6	28225131	28443951	28338311	250	-15372.75779
chr6	28445665	28713257	28570945	250	-15065.82312
chr6	28713356	28954358	28809437	250	-16034.24735
chr6	28954472	29269573	29107855	250	-14552.02032
chr6	29269617	29521596	29399318	250	-16061.24461
chr6	29521597	29647404	29582619	250	-16230.96670
chr6	29647406	29825993	29724872	250	-16656.96712
chr6	29827324	30085222	29962523	250	-16415.71078
chr6	30087080	30293583	30167318	250	-16215.67616
chr6	30296759	30729670	30489750	250	-15289.68656
chr6	30729681	31351634	30977827	250	-13919.02408
chr6	31351658	31369269	31367017	250	-15820.80414
chr6	31369277	31402018	31377184	250	-17199.70655
chr6	31410846	31868958	31631862	250	-14393.08186
chr6	31868983	32141864	32008532	250	-17576.87542
chr6	32143011	32357797	32281371	250	-14925.79741
chr6	32357810	32457034	32402653	250	-16114.20812
chr6	32457077	32581516	32510810	250	-16207.15374
chr6	32581820	32808790	32728386	250	-15831.03211
chr6	32808859	33108131	32943582	250	-15787.67799
chr6	33109384	33381519	33248856	250	-15594.03126
chr6	33382010	33472681	33439449	250	-14016.76804
chr6	33472864	33641789	33561648	250	-14105.76146
chr6	33641791	33798417	33714178	250	-12670.10280
chr6	33799171	33996415	33901584	250	-14690.49125
chr6	33996907	34442181	34205616	250	-12091.40439
