scaffold	start	end	mid	sites	lnL
chr5	1002	862825	384550	250	-14271.76598
chr5	871060	1409897	1185366	250	-16527.41368
chr5	1409898	1826680	1634933	250	-14522.20454
chr5	1826705	2141840	1984842	250	-14143.77053
chr5	2141927	2351482	2269186	250	-15681.94013
chr5	2351486	2724049	2514831	250	-15051.30355
chr5	2724050	3375512	3072738	250	-16130.15640
chr5	3375514	3697514	3549464	250	-14185.18728
chr5	3697515	3994716	3798517	250	-13026.14759
chr5	3996465	4193824	4084724	250	-14920.83377
chr5	4197046	4739865	4400266	250	-15562.80138
chr5	4740168	5483307	5061912	250	-15076.27945
chr5	5514829	5842445	5659609	250	-14741.86590
chr5	5844943	6365300	6097387	250	-14513.48549
chr5	6365306	6918542	6590100	250	-17365.16441
chr5	6918613	7314181	7180099	250	-15708.83854
chr5	7314183	7571642	7426486	250	-16625.38329
chr5	7571704	7627396	7615476	250	-15599.56119
chr5	7627404	7652374	7643711	250	-12935.80754
chr5	7652375	7675087	7666820	250	-14259.78973
chr5	7675093	7679619	7677214	250	-14307.01153
chr5	7679620	7815453	7722017	250	-16298.03148
chr5	7815474	7943638	7880835	250	-15796.34303
chr5	7943643	8115193	8030193	250	-14077.16430
chr5	8115203	8183679	8130375	250	-15575.52036
chr5	8187595	8307914	8249470	250	-15566.70639
chr5	8307919	8421123	8364828	250	-15866.85456
chr5	8421124	8541040	8503252	250	-14917.81052
chr5	8541041	8602560	8572454	250	-15221.44032
chr5	8602618	8696850	8644032	250	-15515.69610
chr5	8697110	8774684	8739493	250	-17063.29637
chr5	8778378	8952030	8875543	250	-16177.84324
chr5	8952644	9049582	8997905	250	-14612.68704
chr5	9049657	9135016	9099854	250	-15137.00066
chr5	9135669	9298024	9164796	250	-15430.05425
chr5	9302317	9776896	9563174	250	-15968.74276
chr5	9777028	10020202	9895973	250	-15879.21487
chr5	10020217	10184033	10079689	250	-14999.91465
chr5	10185843	10580834	10352025	250	-15762.23993
chr5	10590958	10894458	10723936	250	-15753.59356
chr5	10895923	11606626	11128871	250	-15094.52650
chr5	11609916	12290918	12003345	250	-16147.96004
chr5	12290940	12714326	12497151	250	-14699.42322
chr5	12714435	13090944	12884083	250	-15194.06255
chr5	13090945	13267620	13178426	250	-16130.96048
chr5	13267740	13501397	13381790	250	-14226.50807
chr5	13501403	13669234	13581421	250	-14868.46193
chr5	13671390	13876359	13768824	250	-15615.55816
chr5	13876552	14306321	14137741	250	-16081.28879
chr5	14309067	14446933	14377286	250	-14530.26804
chr5	14447724	14610726	14525144	250	-14982.82126
chr5	14610740	14775308	14697571	250	-14174.51414
chr5	14775309	14857170	14824113	250	-16644.66612
chr5	14857771	14930098	14895936	250	-18169.76187
chr5	14930652	15101840	14987371	250	-14099.88274
chr5	15101842	15267809	15185548	250	-14996.84438
chr5	15267840	15685489	15483984	250	-16034.16500
chr5	15685494	16033056	15826297	250	-16397.75708
chr5	16033106	16265137	16146746	250	-14196.72210
chr5	16265253	16436810	16357319	250	-14459.56146
chr5	16437430	16530459	16485551	250	-12966.53644
chr5	16530465	16637040	16582921	250	-17293.37774
chr5	16637107	16730227	16694749	250	-15572.03087
chr5	16730637	16858741	16804403	250	-15045.04233
chr5	16858869	16995497	16928641	250	-14378.25270
chr5	16995525	17148292	17067496	250	-15089.79576
chr5	17149136	17471871	17289201	250	-15355.68985
chr5	17471947	17859645	17673417	250	-15369.26165
chr5	17859825	18070669	17974129	250	-14319.54295
chr5	18070735	18274662	18196299	250	-14706.30888
chr5	18274751	19506099	18645856	250	-14798.53703
chr5	19542571	20362990	20056276	250	-14340.09709
chr5	20363000	20584848	20458670	250	-13909.36506
chr5	20586088	20767256	20678362	250	-13376.90033
chr5	20767522	20909626	20820335	250	-13540.15507
chr5	20909632	21022302	20963284	250	-14093.62462
chr5	21022303	21197168	21131141	250	-14388.98122
chr5	21197241	21311967	21246285	250	-14302.96529
chr5	21312001	21780491	21448897	250	-13265.05036
chr5	21780493	22027198	21928777	250	-15411.74025
chr5	22027209	22284515	22211158	250	-14693.37583
chr5	22284526	22551928	22414584	250	-14402.96668
chr5	22551929	22691600	22601152	250	-14614.42796
chr5	22692298	22779158	22749553	250	-15026.06003
chr5	22779207	22838710	22807956	250	-13868.02831
chr5	22838950	22979285	22884469	250	-15720.46683
chr5	22984042	23095920	23070919	250	-13676.58538
chr5	23096432	23157010	23121798	250	-14901.88728
chr5	23157037	23207243	23183288	250	-15426.95552
chr5	23207309	23362596	23255940	250	-14628.64994
chr5	23362699	23515466	23467904	250	-14727.38991
chr5	23515478	23621807	23568440	250	-14188.39905
chr5	23622028	23727518	23684791	250	-16439.91002
chr5	23729707	24092099	23928012	250	-15404.90664
chr5	24092100	24242492	24181323	250	-15756.23943
chr5	24242502	24395413	24307431	250	-15643.00170
chr5	24396101	24653109	24498947	250	-13846.04486
chr5	24653111	24974078	24782892	250	-15827.58196
chr5	24974110	25432693	25184532	250	-14744.39704
chr5	25434806	25591489	25553323	250	-14040.87768
chr5	25591504	25835411	25716816	250	-14466.19449
chr5	25835531	26065679	25958232	250	-14699.02464
chr5	26065680	26230836	26126371	250	-14419.53443
chr5	26230843	26585830	26367810	250	-14627.80636
chr5	26585832	26846864	26684874	250	-14227.76880
chr5	26847415	26976062	26910845	250	-13701.70978
chr5	26976129	27127090	27047650	250	-14473.67982
chr5	27127101	27217877	27171759	250	-13060.79584
chr5	27217889	27362221	27269120	250	-12404.35321
chr5	27362233	27491295	27412621	250	-14246.68977
chr5	27493113	27605251	27543557	250	-14502.04295
chr5	27605894	27686869	27648180	250	-14176.57745
chr5	27687330	27839176	27786817	250	-15502.76743
chr5	27839532	27939516	27880359	250	-14476.32190
chr5	27939526	28038316	27984101	250	-16120.89639
chr5	28038326	28407426	28212191	250	-14138.73129
chr5	28407446	28592374	28498812	250	-14973.52680
chr5	28594190	29052626	28818782	250	-14614.79787
chr5	29052647	29476566	29194344	250	-15163.47145
chr5	29477237	30629591	30015841	250	-15079.99496
chr5	30637343	31915282	31235547	250	-15184.94125
chr5	31915900	33777824	32638393	250	-15072.50244
chr5	33786705	34482306	34212389	250	-13648.57616
chr5	34489469	35293637	34726625	250	-13081.65659
chr5	35348970	35956323	35706823	250	-15232.95352
chr5	35956429	36161575	36068102	250	-15092.76061
chr5	36161601	36512407	36303498	250	-16723.56143
chr5	36517473	36971011	36703302	250	-15395.22239
chr5	36980200	37386340	37206504	250	-15584.46569
chr5	37386632	37809635	37654120	250	-13313.84139
chr5	37809646	37919893	37879811	250	-16408.77771
chr5	37919912	37964757	37937898	250	-13944.01584
chr5	37965018	38035888	37998795	250	-15218.19427
chr5	38036231	38090142	38060295	250	-13976.45093
chr5	38090389	38152611	38111952	250	-13111.59318
chr5	38152644	38241864	38211054	250	-14873.49491
chr5	38241865	38322778	38267470	250	-13971.12046
chr5	38322972	38390688	38357476	250	-14397.34417
chr5	38390721	38461316	38420737	250	-14649.65909
chr5	38461323	38644283	38551593	250	-13284.41598
chr5	38644285	38741386	38692904	250	-15072.96788
chr5	38741497	38922637	38853041	250	-13134.00863
chr5	38922641	39054666	38980067	250	-15718.14114
chr5	39054957	39180247	39114869	250	-14591.75113
chr5	39180332	39332283	39289467	250	-14941.88706
chr5	39332793	39430973	39374714	250	-16195.88871
chr5	39430977	39571327	39487177	250	-16238.50033
chr5	39571342	39684172	39634223	250	-14345.72610
chr5	39684338	39776838	39714714	250	-10661.04278
chr5	39777221	40016072	39915384	250	-12168.26739
chr5	40016107	40395373	40220127	250	-13260.70117
chr5	40395467	41107832	40746644	250	-13485.23635
chr5	41107922	41627811	41255649	250	-13528.90857
chr5	41647828	43335383	42643653	250	-14923.75264
chr5	43335398	43788818	43550449	250	-13558.88535
chr5	43789133	43942110	43862268	250	-14517.96785
chr5	43942189	44094401	44026713	250	-14534.76555
chr5	44094402	44468286	44312062	250	-15775.97007
chr5	44468292	44785020	44598743	250	-16899.69395
chr5	44785049	45037174	44902707	250	-15678.73752
chr5	45040248	45309400	45173962	250	-14888.79067
chr5	45309499	45443168	45365995	250	-15134.22697
chr5	45443929	45617085	45524923	250	-15293.39503
chr5	45617123	45847504	45700880	250	-16384.22470
chr5	45847519	45974364	45909164	250	-14648.54571
chr5	45975076	46188551	46060157	250	-14408.23429
chr5	46189001	46571510	46387002	250	-15256.23202
chr5	46571518	46740548	46656512	250	-14857.80547
chr5	46740549	47035193	46892346	250	-13935.25319
chr5	47038158	47498425	47220907	250	-14616.63388
chr5	47507124	48467951	47971857	250	-13938.57311
chr5	48468055	48757984	48639607	250	-14493.39743
chr5	48757985	48898009	48821632	250	-13775.53626
chr5	48898016	49092148	48954875	250	-16796.67425
chr5	49092245	49242000	49169726	250	-14847.28600
chr5	49242029	49506680	49344844	250	-15866.15289
chr5	49508544	49644988	49619906	250	-16905.70025
chr5	49644992	49776335	49659740	250	-15121.27794
chr5	49776361	50262364	50080828	250	-15458.03355
chr5	50262453	50464037	50397362	250	-14645.33149
chr5	50464937	50605664	50548879	250	-15802.94735
chr5	50605698	50755651	50704118	250	-15284.99991
chr5	50755923	50905866	50857022	250	-15727.50781
chr5	50906358	50988093	50949634	250	-15177.86198
chr5	50988145	51082344	51034955	250	-16940.20838
chr5	51083034	51220557	51159091	250	-14688.55449
chr5	51222305	51372114	51275703	250	-15149.51901
chr5	51372996	51686383	51570006	250	-15308.37735
chr5	51686403	52090251	51889390	250	-16047.89714
chr5	52090982	52381255	52288150	250	-14952.28793
chr5	52381256	52536050	52448119	250	-15134.65874
chr5	52536071	52753883	52659404	250	-15587.98703
chr5	52753890	52919073	52850177	250	-16222.01773
chr5	52923284	53172390	53028616	250	-14779.68419
chr5	53176405	53418683	53334135	250	-15630.99296
chr5	53419147	53687665	53544893	250	-15619.87498
chr5	53687711	54045595	53854244	250	-17075.54374
chr5	54048309	54505891	54265474	250	-16344.62026
chr5	54506200	54698954	54609573	250	-17542.15093
chr5	54698971	55008285	54885703	250	-15685.56376
chr5	55009076	55108257	55088049	250	-15395.52176
chr5	55108258	55114435	55111803	250	-14454.17762
chr5	55114436	55218566	55156877	250	-15696.53235
chr5	55218611	55404205	55321935	250	-16686.46417
chr5	55404217	55793560	55616160	250	-17945.41441
chr5	55793567	56052803	55947790	250	-15751.30556
chr5	56052819	56260138	56143570	250	-16024.66209
chr5	56260913	56481539	56354054	250	-15057.79780
chr5	56481564	56775502	56631730	250	-16899.74736
chr5	56775708	57129402	56972167	250	-15827.83396
chr5	57131541	57363673	57270720	250	-16249.65881
chr5	57363674	57626066	57530564	250	-16169.02957
chr5	57626080	57838824	57747722	250	-16419.12229
chr5	57838836	58008873	57898571	250	-16396.10419
chr5	58009060	58175638	58094314	250	-16838.26675
chr5	58176277	58290402	58241252	250	-15688.94466
chr5	58290605	58299998	58296402	250	-14480.11112
chr5	58300006	58306873	58303485	250	-15517.31686
chr5	58306874	58561284	58452709	250	-16052.09613
chr5	58561287	58793659	58657437	250	-15005.44218
chr5	58793660	59034073	58915005	250	-15711.19250
chr5	59034090	59739734	59325493	250	-15604.50967
chr5	59740544	60184846	60083509	250	-15030.63583
chr5	60185005	60477528	60334958	250	-14898.65401
chr5	60477617	60708545	60627512	250	-14411.63917
chr5	60708683	60873181	60800140	250	-15944.60288
chr5	60873206	60951804	60917422	250	-12553.17385
chr5	60951806	61015122	60981304	250	-11150.54119
